Time(s)	Load_(N)	Disp.(mm)	Cell_P.(kPa)	ECellP.(kPa)	SP.Vol.(mm3)	V-LDT1_(mm)	V-LDT2_(mm)	Clip-Gauge_(mm)	CH08_(V)	CH09_(V)	CH10_(V)	CH11_(V)	CH12_(V)	CH13_(V)	CH14_(V)	CH15_(V)	
0.000	1.144789	0.652361	306.647863	5.896381	0.384767	0.001127	-0.000952	0.002258	
1.009	1.036862	0.652895	306.688896	5.891910	-1.539068	0.001388	-0.001028	0.002121	
2.009	1.148643	0.652666	306.717303	5.912027	0.256511	0.001042	-0.000952	0.001602	
3.007	1.468567	0.651674	306.736241	5.905321	1.410812	0.000644	-0.000858	0.001755	
4.007	1.268133	0.652285	306.687317	5.909792	1.026045	0.000996	-0.000940	0.002258	
5.010	1.129371	0.653964	306.709412	5.947789	1.539068	0.001472	-0.000984	0.001663	
6.011	1.237297	0.651903	306.739398	5.874029	2.565113	0.001250	-0.000922	0.001831	
7.011	17.484288	0.652361	306.696787	46.371279	166.351569	0.000897	-0.000831	0.002289	
8.011	25.212692	0.648161	306.677848	95.234758	1333.233374	0.001204	-0.000916	0.002304	
9.012	24.017794	0.645412	306.692052	103.299364	2091.370478	0.001334	-0.000999	0.003189	
10.007	21.658836	0.643885	306.692052	103.943089	2326.206549	0.000789	-0.000921	0.002380	
11.013	19.480923	0.639609	306.712568	104.291774	2395.079826	0.000475	-0.000881	0.002884	
12.013	16.967784	0.637471	306.707834	104.577874	2417.915341	0.001035	-0.000963	0.002396	
13.013	14.778424	0.636478	306.690474	104.741040	2429.330093	0.001311	-0.001038	0.003403	
14.023	13.151821	0.632583	306.737820	104.875150	2437.666709	0.000889	-0.000883	0.003189	
15.024	11.220592	0.628613	306.775696	104.942205	2445.105536	0.000506	-0.000876	0.002502	
16.024	8.950287	0.626398	306.756758	105.062938	2450.620528	0.001204	-0.000989	0.002670	
17.024	6.988343	0.624412	306.750445	105.114347	2457.033310	0.001472	-0.001004	0.002106	
18.025	5.616138	0.620670	306.789900	105.134463	2468.576317	0.000782	-0.000873	0.002625	
19.025	4.151316	0.617539	306.767805	105.165755	2473.706543	0.000820	-0.000880	0.001923	
20.037	2.470739	0.615172	306.830933	105.252926	2483.197460	0.001365	-0.000994	0.002457	
21.038	1.784637	0.614256	306.805682	105.277513	2487.558152	0.001242	-0.001017	0.003510	
22.038	1.873291	0.613034	306.829355	105.281983	2493.329655	0.000529	-0.000865	0.002563	
23.043	2.570956	0.612499	306.841980	105.261867	2494.099189	0.000843	-0.000865	0.002258	
24.043	1.137080	0.611736	306.816729	105.353508	2495.510001	0.001349	-0.000992	0.002304	
25.043	2.181651	0.611430	306.853028	105.375860	2496.536046	0.001303	-0.000979	0.002365	
26.044	2.154670	0.609827	306.905108	105.340098	2504.744407	0.000728	-0.000837	0.001190	
27.044	2.933292	0.610361	306.876701	105.369155	2504.231384	0.000935	-0.000901	0.001190	
28.044	1.457004	0.609292	306.865653	105.420563	2508.720332	0.001326	-0.000999	0.001907	
29.046	2.081434	0.609368	306.851450	105.422798	2510.387655	0.001219	-0.001007	0.003204	
30.038	1.649729	0.608529	306.900374	105.407152	2513.465790	0.000736	-0.000868	0.002090	
31.039	2.089143	0.607994	306.920890	105.420563	2513.465790	0.001035	-0.000927	0.002441	
32.045	0.635994	0.609368	306.884592	105.476442	2515.389625	0.001464	-0.000996	0.003006	
33.046	1.507112	0.607383	306.860919	105.420563	2519.750316	0.000996	-0.000907	0.002686	
34.046	2.166233	0.607078	306.897217	105.404917	2522.571940	0.000513	-0.000865	0.001740	
35.046	0.689957	0.608147	306.911421	105.465266	2524.495775	0.001173	-0.000943	0.001938	
36.047	0.982899	0.607765	306.890904	105.501029	2523.854497	0.001042	-0.001014	0.002075	
37.047	1.669002	0.606467	306.927203	105.436209	2528.984722	0.000843	-0.000924	0.001923	
38.047	1.950381	0.607154	306.911421	105.440680	2530.523790	0.000713	-0.000875	0.001694	
39.048	0.948209	0.606238	306.901952	105.507734	2532.062858	0.001150	-0.000961	0.002090	
40.053	0.886537	0.607765	306.897217	105.496559	2532.447624	0.001181	-0.001040	0.003067	
41.053	1.599621	0.605169	306.924047	105.480912	2536.167038	0.000904	-0.000891	0.001587	
42.054	1.927254	0.605321	306.936672	105.474207	2537.449594	0.000605	-0.000865	0.002075	
43.054	0.504940	0.606161	306.911421	105.516675	2536.808316	0.001296	-0.000968	0.002609	
44.054	0.770901	0.606696	306.870388	105.496559	2536.936572	0.001296	-0.001017	0.003357	
45.055	1.368350	0.605780	306.895639	105.483148	2541.682030	0.000651	-0.000867	0.002518	
46.055	1.611184	0.605474	306.946141	105.494323	2543.990632	0.000820	-0.000898	0.001999	
47.055	1.476276	0.606925	306.931938	105.521145	2543.349354	0.001311	-0.000996	0.003189	
48.056	1.761510	0.605856	306.890904	105.561378	2547.068767	0.001096	-0.000969	0.002945	
49.056	2.062161	0.605321	306.927203	105.518910	2548.864346	0.000904	-0.000849	0.002533	
50.054	0.955918	0.605016	306.930359	105.496559	2548.992602	0.000805	-0.000921	0.002777	
51.054	0.940500	0.605856	306.879857	105.516675	2550.531669	0.001273	-0.000974	0.003143	
52.056	1.171770	0.605932	306.865653	105.527851	2554.635850	0.001319	-0.000948	0.001297	
53.056	1.715256	0.604863	306.941407	105.478677	2556.303173	0.000759	-0.000853	0.002899	
54.057	1.699838	0.604558	306.954032	105.516675	2556.559684	0.000966	-0.000889	0.002304	
55.057	0.381596	0.605474	306.875123	105.621727	2559.381308	0.001510	-0.001010	0.002396	
56.057	0.693811	0.605092	306.908265	105.536791	2559.766075	0.001058	-0.000917	0.001724	
57.058	1.071553	0.604787	306.927203	105.509970	2563.870255	0.000751	-0.000850	0.001526	
58.058	1.117807	0.605016	306.936672	105.550202	2566.435368	0.001280	-0.000948	0.001984	
59.058	1.044571	0.604100	306.897217	105.534556	2565.794090	0.001388	-0.001014	0.001831	
60.055	1.510967	0.604023	306.898795	105.516675	2569.256992	0.000828	-0.000896	0.001770	
61.055	1.715256	0.604787	306.968236	105.516675	2573.232917	0.000751	-0.000855	0.001221	
62.059	1.626602	0.605550	306.903530	105.561378	2571.309082	0.001257	-0.000956	0.002579	
63.059	1.275842	0.605092	306.845137	105.590435	2571.693849	0.001273	-0.001023	0.003113	
64.060	1.842454	0.604176	306.901952	105.534556	2575.413263	0.000950	-0.000906	0.002380	
65.061	0.643703	0.603794	306.886170	105.539027	2577.080586	0.000897	-0.000903	0.002075	
66.061	0.562758	0.604252	306.865653	105.559143	2575.156751	0.001188	-0.000992	0.002243	
67.061	0.620576	0.603489	306.848293	105.590435	2575.413263	0.001157	-0.000991	0.002594	
68.062	1.183334	0.603794	306.890904	105.577024	2579.389187	0.000950	-0.000862	0.002121	
69.062	1.271987	0.603947	306.889326	105.563613	2581.056511	0.000728	-0.000904	0.002380	
70.057	1.079262	0.605321	306.867232	105.597141	2579.902210	0.001257	-0.001000	0.002411	
71.058	1.287405	0.604252	306.860919	105.579259	2583.108601	0.001004	-0.000937	0.002762	
72.063	1.642020	0.602954	306.897217	105.563613	2585.545458	0.000766	-0.000885	0.001511	
73.063	1.248860	0.603412	306.950876	105.552438	2584.775924	0.000904	-0.000969	0.001999	
74.060	1.491694	0.605321	306.878279	105.588200	2586.571503	0.001526	-0.001041	0.002350	
75.061	1.645875	0.605016	306.867232	105.597141	2588.367082	0.001035	-0.000961	0.002609	
76.061	1.938817	0.603565	306.889326	105.556908	2589.393127	0.000605	-0.000875	0.002182	
77.064	0.551195	0.603031	306.879857	105.534556	2590.034405	0.000858	-0.000896	0.002029	
78.064	0.501086	0.604100	306.905108	105.599376	2589.008360	0.001273	-0.001018	0.001755	
79.064	0.763192	0.603183	306.916156	105.612787	2594.779864	0.001127	-0.000948	0.001709	
80.054	1.175625	0.602191	306.895639	105.579259	2597.601488	0.000613	-0.000850	0.003250	
81.055	0.948209	0.603336	306.906686	105.565848	2595.934165	0.001050	-0.000955	0.003220	
82.064	0.774756	0.603260	306.889326	105.594905	2596.703698	0.001334	-0.001046	0.003372	
83.066	1.225733	0.603641	306.873544	105.590435	2598.242766	0.000981	-0.000945	0.001984	
84.067	1.457004	0.602343	306.922468	105.550202	2601.833924	0.000644	-0.000844	0.002808	
85.067	1.383768	0.602878	306.901952	105.612787	2602.346946	0.001096	-0.000958	0.002945	
86.067	1.218024	0.603489	306.865653	105.626198	2602.475202	0.001104	-0.001041	0.003235	
87.068	1.572639	0.602267	306.938250	105.594905	2606.322871	0.000820	-0.000896	0.003082	
88.068	1.788491	0.603107	306.919312	105.568084	2607.990194	0.000690	-0.000876	0.002350	
89.068	1.499403	0.602954	306.924047	105.623963	2607.605428	0.001296	-0.000997	0.001709	
90.054	1.561075	0.603489	306.954032	105.619492	2608.887984	0.001165	-0.000963	0.001938	
91.054	1.907981	0.602649	306.946141	105.623963	2611.581352	0.000536	-0.000875	0.001846	
92.070	1.861727	0.603260	306.938250	105.581495	2615.044254	0.000789	-0.000909	0.001587	
93.071	0.504940	0.603412	306.977705	105.650784	2616.455066	0.001111	-0.001004	0.002106	
94.071	0.381596	0.602649	306.916156	105.641844	2616.711578	0.000981	-0.001010	0.002213	
95.071	0.836428	0.602191	306.958767	105.615022	2620.046224	0.000774	-0.000891	0.002533	
96.072	0.959772	0.602878	306.972971	105.581495	2618.378901	0.000912	-0.000917	0.002396	
97.072	0.740065	0.602191	306.938250	105.650784	2619.404946	0.001342	-0.001033	0.001541	
98.072	0.801738	0.602038	306.942985	105.646314	2625.304705	0.001088	-0.000973	0.002075	
99.073	1.106244	0.601580	306.991909	105.648549	2626.330750	0.000774	-0.000881	0.002136	
100.070	1.063844	0.601809	306.955610	105.661960	2623.124360	0.001027	-0.000981	0.001236	
101.074	0.948209	0.603183	306.928781	105.664195	2624.791683	0.001357	-0.001059	0.002914	
102.074	1.137080	0.603107	307.001378	105.623963	2626.330750	0.000912	-0.000942	0.001968	
103.074	1.406895	0.600740	306.991909	105.653020	2629.408886	0.000529	-0.000886	0.002563	
104.074	1.206461	0.602343	306.961923	105.691017	2633.384810	0.001296	-0.000953	0.001999	
105.075	1.175625	0.603718	306.942985	105.697723	2634.026089	0.001288	-0.001085	0.002548	
106.075	1.522530	0.602343	306.971392	105.688782	2637.617246	0.000736	-0.000932	0.002686	
107.075	1.753801	0.601198	306.977705	105.659725	2641.593171	0.000659	-0.000840	0.002274	
108.076	1.483985	0.603183	306.936672	105.688782	2640.567126	0.001211	-0.001012	0.002579	
109.076	1.322096	0.602649	306.954032	105.702193	2642.106194	0.001342	-0.001028	0.001984	
110.070	1.749946	0.602954	306.987174	105.666431	2645.312585	0.000720	-0.000893	0.002792	
111.071	1.877145	0.601732	306.991909	105.666431	2647.364675	0.000713	-0.000875	0.002029	
112.077	0.007709	0.602649	306.995065	105.695488	2649.801532	0.001073	-0.000989	0.002075	
113.077	0.050109	0.602725	306.990331	105.717839	2649.929788	0.001257	-0.000991	0.001480	
114.077	0.358469	0.602191	307.017160	105.664195	2653.007923	0.000904	-0.000893	0.001862	
115.078	0.516504	0.600740	307.018738	105.697723	2654.162224	0.000851	-0.000898	0.002502	
116.078	0.323779	0.601656	306.977705	105.749131	2652.879667	0.001372	-0.001035	0.002274	
117.078	0.300652	0.603260	307.009269	105.769248	2657.368615	0.001441	-0.001009	0.002106	
118.079	0.844137	0.601427	306.990331	105.715604	2659.677216	0.000713	-0.000894	0.001465	
119.079	0.917373	0.601961	307.018738	105.704428	2659.164193	0.000966	-0.000927	0.002029	
120.070	0.666830	0.602343	307.010847	105.731250	2659.420705	0.001234	-0.001059	0.002670	
121.070	0.732356	0.601427	306.972971	105.744661	2662.498840	0.001012	-0.001014	0.002686	
122.079	0.720793	0.600282	307.047146	105.697723	2667.500810	0.000736	-0.000875	0.001999	
123.079	1.225733	0.601198	307.017160	105.659725	2669.937667	0.000904	-0.000963	0.001923	
124.080	0.824865	0.603107	307.021895	105.769248	2670.065923	0.001487	-0.001036	0.002228	
125.080	1.006026	0.601885	307.018738	105.735720	2668.911622	0.000912	-0.000978	0.002243	
126.080	1.329805	0.600282	307.042411	105.695488	2673.015802	0.000705	-0.000903	0.001953	
127.081	1.113953	0.602267	307.036098	105.722309	2675.837426	0.000950	-0.000956	0.001648	
128.081	1.006026	0.601885	307.047146	105.760307	2679.941607	0.001334	-0.001046	0.002167	
129.081	1.202606	0.601427	307.020316	105.737956	2680.326373	0.000958	-0.000922	0.001633	
130.070	1.545657	0.600969	307.055037	105.706663	2681.737185	0.000659	-0.000914	0.002060	
131.070	1.352932	0.601656	307.018738	105.697723	2682.121952	0.001142	-0.000997	0.002548	
132.082	1.183334	0.600892	307.032942	105.764777	2684.302298	0.001196	-0.001069	0.002502	
133.082	1.618893	0.601351	307.048724	105.720074	2685.456599	0.000812	-0.000927	0.001877	
134.072	1.611184	0.600358	307.040833	105.711134	2690.073802	0.000720	-0.000885	0.001663	
135.073	1.460858	0.602420	306.999800	105.746896	2690.330313	0.001142	-0.001000	0.002274	
136.073	1.480131	0.602420	307.021895	105.780424	2692.638915	0.001411	-0.001028	0.002274	
137.082	1.715256	0.601427	307.051880	105.722309	2696.230072	0.000590	-0.000865	0.002106	
138.083	1.746092	0.601580	307.055037	105.753602	2697.256118	0.000805	-0.000899	0.001709	
139.083	1.460858	0.601732	306.999800	105.780424	2696.614839	0.001303	-0.001007	0.002197	
140.070	1.345223	0.601732	307.023473	105.798305	2698.282163	0.001196	-0.001014	0.002899	
141.070	2.015907	0.601045	307.045568	105.733485	2700.077742	0.000812	-0.000896	0.002533	
142.083	1.811618	0.600969	307.059771	105.798305	2701.360298	0.000805	-0.000891	0.001266	
143.084	1.672856	0.602572	307.055037	105.838538	2700.719020	0.001319	-0.001025	0.002411	
144.084	1.695983	0.601732	307.036098	105.820656	2705.720990	0.001111	-0.000984	0.002014	
145.084	2.042889	0.600663	307.078710	105.782659	2708.927380	0.000789	-0.000886	0.001846	
146.069	1.692129	0.600511	307.051880	105.796070	2706.618779	0.000935	-0.000987	0.002396	
147.083	1.383768	0.602420	307.042411	105.838538	2706.490523	0.001403	-0.001049	0.002396	
148.084	1.738383	0.601274	307.055037	105.816186	2708.799125	0.001150	-0.000976	0.003006	
149.070	1.961944	0.600587	307.081866	105.796070	2711.235982	0.000521	-0.000911	0.002716	
150.070	0.354615	0.601351	307.025051	105.807245	2713.929350	0.001288	-0.000958	0.002838	
151.070	0.265961	0.601656	307.023473	105.847478	2714.955395	0.001288	-0.001023	0.002747	
152.071	0.574322	0.601427	307.026629	105.818421	2718.161786	0.000812	-0.000960	0.002518	
153.071	0.670684	0.600892	307.051880	105.798305	2721.881200	0.000460	-0.000868	0.002167	
154.070	0.304506	0.600740	307.059771	105.829597	2720.726899	0.001088	-0.000991	0.003113	
155.073	0.689957	0.601961	307.020316	105.863124	2722.522478	0.001319	-0.001067	0.003113	
156.073	0.782465	0.600587	307.021895	105.820656	2726.113636	0.000820	-0.000950	0.002869	
157.073	1.183334	0.600052	307.077131	105.805010	2729.704794	0.000621	-0.000922	0.002792	
158.073	0.732356	0.600740	307.048724	105.807245	2728.935260	0.001096	-0.001009	0.001450	
159.074	0.786319	0.600282	307.039255	105.883241	2732.269906	0.001257	-0.001033	0.003036	
160.069	1.098535	0.600205	307.032942	105.816186	2734.963275	0.000690	-0.000889	0.002640	
161.075	1.341369	0.599212	307.113430	105.805010	2736.245831	0.000713	-0.000906	0.002274	
162.075	0.855701	0.601503	307.070819	105.858654	2737.400132	0.001165	-0.001018	0.001755	
163.075	0.948209	0.602878	307.040833	105.858654	2738.041410	0.001219	-0.001009	0.002121	
164.075	1.291260	0.601045	307.083444	105.825127	2739.708733	0.000667	-0.000888	0.002258	
165.076	1.287405	0.600740	307.069240	105.820656	2740.221756	0.000774	-0.000925	0.001877	
166.076	0.990608	0.601885	307.061349	105.847478	2742.017335	0.001234	-0.001040	0.002701	
167.077	1.395332	0.600282	307.048724	105.816186	2745.095470	0.000935	-0.000999	0.001968	
168.078	1.457004	0.600663	307.073975	105.825127	2747.147560	0.000567	-0.000863	0.002487	
169.078	1.445440	0.600129	307.094492	105.840773	2748.558372	0.000797	-0.000950	0.001907	
170.070	1.167916	0.601198	307.047146	105.889946	2747.660583	0.001349	-0.001061	0.002518	
171.070	1.268133	0.601045	307.048724	105.872065	2752.149530	0.001042	-0.000986	0.001968	
172.078	1.561075	0.600205	307.064506	105.822892	2753.816853	0.000559	-0.000886	0.002609	
173.078	1.333660	0.600434	307.062928	105.845243	2754.714643	0.001081	-0.001002	0.002411	
174.078	1.198752	0.601732	307.058193	105.885476	2756.894989	0.001296	-0.001058	0.001755	
175.079	1.433877	0.600358	307.051880	105.827362	2758.305801	0.000782	-0.000924	0.002853	
176.079	1.642020	0.599900	307.089757	105.829597	2760.357891	0.000751	-0.000868	0.002319	
177.079	1.368350	0.600816	307.096070	105.860889	2762.153470	0.001119	-0.000961	0.002380	
178.080	1.245006	0.602114	307.058193	105.865360	2763.051259	0.001372	-0.001074	0.002670	
179.080	1.603475	0.600892	307.070819	105.860889	2766.898928	0.000697	-0.000898	0.001587	
180.071	1.846309	0.600587	307.069240	105.840773	2768.822763	0.000621	-0.000921	0.003189	
181.071	1.372205	0.600511	307.042411	105.894417	2768.566251	0.001073	-0.001040	0.003189	
182.081	1.460858	0.600969	307.085022	105.887711	2768.437996	0.001173	-0.001015	0.002228	
183.081	1.776928	0.599671	307.108695	105.876535	2770.618342	0.000812	-0.000904	0.001846	
184.082	1.934963	0.599365	307.072397	105.865360	2773.952988	0.000943	-0.000925	0.001724	
185.082	1.588057	0.602267	307.077131	105.881006	2774.081244	0.001273	-0.001002	0.003067	
186.082	1.553366	0.601732	307.080288	105.876535	2775.492056	0.001250	-0.001004	0.002411	
187.083	1.981217	0.599747	307.105539	105.887711	2778.570191	0.000812	-0.000891	0.001740	
188.083	1.823182	0.601045	307.083444	105.845243	2779.083214	0.000759	-0.000952	0.002228	
189.083	0.215852	0.601121	307.061349	105.923474	2781.391815	0.001319	-0.001017	0.002090	
190.070	0.477959	0.601274	307.085022	105.910063	2780.622281	0.001204	-0.001005	0.002319	
191.071	0.886537	0.599671	307.085022	105.851949	2781.904838	0.000621	-0.000886	0.001358	
192.071	0.585885	0.600892	307.100804	105.905592	2780.365770	0.001104	-0.000948	0.001755	
193.071	0.316070	0.600663	307.066084	105.919003	2782.161349	0.001165	-0.001035	0.001160	
194.072	0.593594	0.599671	307.094492	105.927944	2787.676341	0.001065	-0.000911	0.002228	
195.072	0.770901	0.600969	307.108695	105.903357	2788.061108	0.000697	-0.000881	0.001984	
196.072	0.632139	0.600434	307.070819	105.927944	2787.163319	0.001188	-0.000963	0.002914	
197.073	0.528067	0.600740	307.072397	105.961471	2788.189364	0.001242	-0.001053	0.002518	
198.073	0.813301	0.599365	307.089757	105.914533	2790.497965	0.000713	-0.000937	0.001846	
199.073	0.990608	0.600052	307.092913	105.876535	2792.037033	0.000498	-0.000870	0.001694	
200.070	0.871119	0.601198	307.043989	105.921239	2792.165289	0.001019	-0.001023	0.002792	
201.070	0.828719	0.601198	307.056615	105.925709	2792.934822	0.001380	-0.001046	0.002182	
202.074	0.948209	0.599671	307.089757	105.921239	2794.986913	0.000697	-0.000937	0.001389	
203.075	1.113953	0.600129	307.110273	105.930179	2797.808537	0.000705	-0.000922	0.001404	
204.075	0.801738	0.601503	307.091335	105.957001	2798.706326	0.001296	-0.001028	0.002029	
205.075	0.782465	0.601045	307.069240	105.972647	2803.195273	0.001188	-0.001031	0.002548	
206.075	1.167916	0.600129	307.081866	105.925709	2804.734341	0.000743	-0.000925	0.002136	
207.076	1.125516	0.600816	307.097648	105.903357	2805.888642	0.000636	-0.000947	0.001678	
208.076	0.925082	0.600434	307.108695	105.979353	2807.427709	0.001388	-0.001007	0.002625	
209.078	0.836428	0.600282	307.066084	105.939120	2808.453754	0.001173	-0.001017	0.002426	
210.070	1.414604	0.599976	307.115008	105.919003	2809.095033	0.000651	-0.000857	0.002121	
211.070	1.325951	0.599900	307.133946	105.936885	2810.121078	0.000789	-0.000976	0.001801	
212.077	0.975190	0.601274	307.064506	105.981588	2808.838521	0.001204	-0.001080	0.002640	
213.078	1.048426	0.600511	307.083444	105.948060	2814.097002	0.001012	-0.000973	0.002411	
214.078	1.406895	0.598602	307.138681	105.943590	2816.405604	0.000590	-0.000911	0.002289	
215.078	1.260424	0.600129	307.127634	105.959236	2817.816416	0.000874	-0.000938	0.002014	
216.079	1.079262	0.600663	307.111852	105.972647	2819.740250	0.001319	-0.001105	0.002487	
217.079	1.252715	0.600358	307.083444	105.970412	2823.203153	0.001027	-0.000973	0.002670	
218.079	1.426168	0.600358	307.111852	105.941355	2824.870476	0.000590	-0.000907	0.002350	
219.079	1.298969	0.599671	307.092913	105.941355	2823.074897	0.001073	-0.000979	0.002411	
220.070	1.125516	0.600205	307.058193	105.988293	2824.100942	0.001181	-0.001067	0.002853	
221.070	1.379914	0.600052	307.105539	105.974882	2827.563844	0.000797	-0.000992	0.002563	
222.080	1.468567	0.600587	307.148150	105.950296	2830.000701	0.000667	-0.000901	0.002579	
223.081	1.287405	0.600129	307.151307	106.001704	2828.589889	0.001111	-0.000992	0.002716	
224.073	1.102389	0.600282	307.107117	105.994999	2832.181047	0.001480	-0.001018	0.002792	
225.073	1.457004	0.599823	307.113430	105.979353	2836.413483	0.000743	-0.000925	0.001877	
226.073	1.746092	0.599212	307.132368	105.986058	2839.748130	0.000820	-0.000927	0.002487	
227.081	1.383768	0.601274	307.129212	106.012880	2835.900461	0.001288	-0.001004	0.003006	
228.082	1.302823	0.600663	307.124477	106.021821	2836.798250	0.001073	-0.001062	0.002304	
229.082	1.561075	0.598525	307.159198	105.990528	2841.030686	0.000705	-0.000893	0.002640	
230.069	1.692129	0.599442	307.146572	105.957001	2841.030686	0.000674	-0.000942	0.002747	
231.070	1.368350	0.601045	307.100804	106.008410	2841.030686	0.001257	-0.001035	0.002228	
232.070	1.437731	0.600358	307.115008	105.994999	2845.006611	0.001088	-0.000994	0.002182	
233.070	1.746092	0.599442	307.144994	105.965942	2845.647889	0.000613	-0.000917	0.002014	
234.071	1.676711	0.599060	307.133946	106.010645	2847.186957	0.000920	-0.000960	0.002274	
235.071	1.279696	0.601580	307.100804	106.010645	2846.160912	0.001357	-0.001041	0.003067	
236.071	1.561075	0.600816	307.111852	106.012880	2849.110791	0.001027	-0.001033	0.002884	
237.072	0.474104	0.599747	307.124477	105.997234	2852.958460	0.000667	-0.000917	0.001556	
238.072	0.420141	0.599594	307.135525	105.986058	2855.780084	0.000950	-0.000968	0.001938	
239.072	0.231270	0.600358	307.151307	105.994999	2855.395317	0.001250	-0.001038	0.001999	
240.070	0.335342	0.600740	307.137103	106.006174	2856.164851	0.001173	-0.000943	0.002029	
241.070	0.547340	0.599823	307.148150	106.006174	2860.525543	0.000651	-0.000893	0.001709	
242.073	0.497231	0.600282	307.163932	106.012880	2861.038565	0.000835	-0.000973	0.002716	
243.074	0.354615	0.600358	307.103961	106.079935	2861.295077	0.001342	-0.001097	0.002686	
244.074	0.447123	0.598296	307.130790	106.032996	2862.834144	0.000789	-0.000997	0.002792	
245.074	0.662975	0.599900	307.148150	105.999469	2865.527513	0.000644	-0.000889	0.002014	
246.075	0.585885	0.598831	307.140259	106.019585	2865.142746	0.001058	-0.001007	0.002823	
247.075	0.246688	0.599900	307.097648	106.073229	2868.862159	0.001104	-0.001054	0.003296	
248.075	0.570467	0.600587	307.119743	106.037467	2871.299016	0.000805	-0.000956	0.002533	
249.076	0.944354	0.599442	307.140259	106.015115	2872.709828	0.000582	-0.000917	0.002045	
250.070	0.635994	0.600740	307.179714	106.048642	2871.812039	0.001250	-0.001025	0.002106	
251.078	0.547340	0.600205	307.141837	106.015115	2871.170761	0.001257	-0.001028	0.003860	
252.078	0.828719	0.599900	307.140259	106.012880	2874.120640	0.000713	-0.000925	0.002975	
253.078	1.144789	0.598296	307.160776	106.008410	2878.096565	0.000812	-0.000906	0.003342	
254.071	0.786319	0.600358	307.182870	106.017350	2878.224821	0.001257	-0.001040	0.002029	
255.072	0.647557	0.599976	307.162354	106.037467	2881.302956	0.001242	-0.001066	0.001694	
256.072	1.160207	0.598754	307.223903	106.021821	2884.894114	0.000659	-0.000899	0.001572	
257.079	0.998317	0.599212	307.204965	106.032996	2887.843993	0.000651	-0.000943	0.002716	
258.079	0.913518	0.599747	307.168667	106.039702	2885.663648	0.001349	-0.001093	0.002579	
259.080	0.782465	0.598602	307.148150	106.053113	2888.228760	0.001119	-0.001027	0.002640	
260.070	1.110098	0.599747	307.222325	106.037467	2888.998294	0.000889	-0.000911	0.001816	
261.070	1.164061	0.599289	307.214434	106.068759	2890.793873	0.001035	-0.000974	0.001938	
262.080	0.782465	0.599747	307.189183	106.062053	2891.948174	0.001349	-0.001038	0.002884	
263.080	1.025299	0.599594	307.187605	106.039702	2894.898054	0.001181	-0.000986	0.002853	
264.081	1.221879	0.599136	307.182870	106.044172	2895.539332	0.000697	-0.000894	0.002945	
265.081	1.152498	0.600434	307.154463	106.059818	2894.000264	0.000981	-0.000986	0.002243	
266.081	0.828719	0.599823	307.143416	106.086640	2894.385031	0.001365	-0.001049	0.003128	
267.081	0.990608	0.599136	307.160776	106.039702	2899.771768	0.000835	-0.000978	0.003296	
268.082	1.368350	0.599518	307.192340	106.024056	2901.182580	0.000605	-0.000911	0.002655	
269.082	1.117807	0.598907	307.195496	106.050878	2901.695602	0.001065	-0.001020	0.001938	
270.070	0.786319	0.600740	307.195496	106.133578	2905.415016	0.001334	-0.001075	0.002884	
271.070	1.160207	0.599747	307.204965	106.093346	2908.621407	0.000805	-0.000924	0.002151	
272.069	1.264278	0.599442	307.214434	106.079935	2908.877918	0.000705	-0.000930	0.002365	
273.070	1.117807	0.600740	307.187605	106.082170	2906.569316	0.001227	-0.001005	0.002518	
274.074	1.021444	0.600663	307.162354	106.122403	2907.980128	0.001219	-0.001058	0.002472	
275.083	1.379914	0.598754	307.219169	106.095581	2914.905933	0.000858	-0.000914	0.003036	
276.083	1.376059	0.599594	307.241264	106.066524	2917.214534	0.000690	-0.000875	0.002060	
277.083	0.998317	0.599976	307.200231	106.086640	2913.238610	0.001227	-0.001056	0.001801	
278.084	1.025299	0.600816	307.193918	106.146989	2916.573256	0.001188	-0.001071	0.001907	
279.084	1.391477	0.598525	307.233373	106.088875	2919.138369	0.000935	-0.000927	0.001297	
280.070	1.422313	0.599671	307.250733	106.073229	2923.114294	0.000789	-0.000952	0.002548	
281.070	1.152498	0.600511	307.201809	106.102286	2920.036158	0.001426	-0.001043	0.002563	
282.071	1.160207	0.599518	307.227060	106.077700	2923.627316	0.001104	-0.001002	0.002533	
283.071	1.472422	0.598602	307.261780	106.077700	2926.328700	0.000682	-0.000935	0.002472	
284.071	1.476276	0.598372	307.244420	106.104521	2924.659373	0.000935	-0.000940	0.002045	
285.071	1.083117	0.599900	307.228638	106.113462	2925.172396	0.001365	-0.001066	0.003143	
286.072	1.214170	0.600205	307.217591	106.100051	2928.511050	0.000981	-0.001005	0.003098	
287.072	1.557221	0.599671	307.252311	106.044172	2932.232468	0.000690	-0.000922	0.002457	
288.072	1.302823	0.600587	307.204965	106.100051	2932.360723	0.001019	-0.001062	0.002472	
289.073	1.075408	0.598983	307.197074	106.138049	2930.050118	0.001388	-0.001085	0.002090	
290.070	1.453149	0.598754	307.233373	106.126873	2935.310603	0.000835	-0.000960	0.002319	
291.070	1.661293	0.599212	307.233373	106.055348	2936.080137	0.000628	-0.000914	0.002136	
292.074	1.318241	0.599212	307.236529	106.111227	2936.080137	0.000858	-0.000997	0.002808	
293.074	1.206461	0.600129	307.212856	106.126873	2936.080137	0.001265	-0.001054	0.002579	
294.074	1.449295	0.598754	307.255467	106.129108	2941.723385	0.000743	-0.000960	0.002441	
295.074	1.618893	0.599518	307.245998	106.097816	2942.492919	0.000720	-0.000929	0.002258	
296.075	1.541803	0.599671	307.247576	106.133578	2943.647219	0.001211	-0.001027	0.001999	
297.075	1.191043	0.598907	307.279140	106.133578	2946.725355	0.001434	-0.001084	0.002014	
298.075	1.495549	0.599289	307.252311	106.104521	2949.162212	0.000874	-0.000893	0.001907	
299.076	1.661293	0.598754	307.252311	106.084405	2949.546979	0.000912	-0.000916	0.001236	
300.070	1.379914	0.599212	307.238107	106.115697	2949.803490	0.001426	-0.001090	0.002304	
301.070	1.441586	0.600205	307.245998	106.160400	2951.599069	0.001242	-0.001053	0.002121	
302.077	1.645875	0.598525	307.258624	106.102286	2952.496858	0.000774	-0.000903	0.003143	
303.077	1.857873	0.598220	307.266515	106.135814	2952.368603	0.000751	-0.000960	0.002869	
304.077	1.441586	0.599900	307.227060	106.153695	2952.240347	0.001250	-0.001072	0.001999	
305.078	1.237297	0.599442	307.228638	106.178282	2955.061971	0.001342	-0.001009	0.003098	
306.078	2.004344	0.598449	307.255467	106.155930	2959.294407	0.000812	-0.000916	0.002884	
307.078	1.537948	0.600129	307.244420	106.160400	2958.268362	0.000950	-0.000937	0.003357	
308.079	1.449295	0.599442	307.230216	106.171576	2960.192197	0.001388	-0.001113	0.003174	
309.079	1.580348	0.600969	307.227060	106.176046	2962.757309	0.000996	-0.000989	0.002487	
310.069	1.800055	0.599671	307.238107	106.151460	2966.989745	0.000575	-0.000927	0.002823	
311.070	1.615039	0.598831	307.272828	106.178282	2967.374512	0.001157	-0.001000	0.002853	
312.080	1.414604	0.599900	307.222325	106.146989	2967.118001	0.001319	-0.001069	0.001846	
313.080	1.607330	0.599212	307.245998	106.169341	2969.939625	0.000966	-0.000978	0.001938	
314.072	1.830891	0.599136	307.255467	106.149225	2970.709159	0.000598	-0.000925	0.002136	
315.073	1.526385	0.599900	307.231794	106.196163	2975.198106	0.001081	-0.001049	0.002274	
316.073	1.422313	0.599823	307.220747	106.171576	2978.276241	0.001319	-0.001093	0.003342	
317.081	1.722965	0.599518	307.266515	106.169341	2977.891474	0.000812	-0.000965	0.002487	
318.081	1.900272	0.597991	307.234951	106.155930	2980.456587	0.000552	-0.000948	0.001968	
319.081	1.591912	0.600282	307.257046	106.200633	2981.995655	0.001157	-0.001040	0.002274	
320.069	1.391477	0.599365	307.264937	106.229690	2981.226121	0.001242	-0.001041	0.003082	
321.069	1.711401	0.598602	307.293344	106.189457	2982.252166	0.000736	-0.000927	0.001541	
322.081	1.776928	0.598831	307.313861	106.180517	2984.176001	0.000705	-0.000942	0.002167	
323.083	1.449295	0.599289	307.283875	106.180517	2985.202046	0.001311	-0.001049	0.001923	
324.083	1.503258	0.599594	307.269671	106.229690	2985.458557	0.001319	-0.001071	0.002792	
325.083	0.350760	0.599212	307.290188	106.184987	2986.741113	0.000805	-0.000942	0.002213	
326.083	0.196580	0.598754	307.294922	106.180517	2986.869369	0.000858	-0.000971	0.001389	
327.084	-0.323779	0.599594	307.266515	106.229690	2990.204015	0.001319	-0.001059	0.002090	
328.084	0.000000	0.598907	307.255467	106.207339	2992.640873	0.000912	-0.001048	0.002747	
329.084	-0.154180	0.591958	307.285453	106.167106	2994.821218	0.000636	-0.000929	0.002472	
330.069	0.292943	0.592111	307.257046	106.196163	2995.334241	0.000720	-0.000976	0.002106	
331.070	-0.042400	0.592187	307.249155	106.222985	2997.258075	0.001380	-0.001098	0.003220	
332.070	0.215852	0.592340	307.257046	106.209574	2998.027609	0.000805	-0.001002	0.002243	
333.070	0.585885	0.591882	307.283875	106.187222	3002.644812	0.000720	-0.000889	0.002426	
334.070	0.397014	0.591653	307.261780	106.196163	3002.773068	0.001073	-0.001020	0.002457	
335.070	0.119490	0.592722	307.272828	106.234161	3004.440391	0.001357	-0.001111	0.002686	
336.071	0.408578	0.591882	307.275984	106.214044	3004.055624	0.000927	-0.000968	0.001892	
337.071	0.639848	0.591576	307.310704	106.187222	3007.262015	0.000713	-0.000934	0.001892	
338.071	0.308361	0.593714	307.315439	106.178282	3006.235970	0.001134	-0.001035	0.002426	
339.072	0.262106	0.592416	307.293344	106.245336	3007.775038	0.001334	-0.001067	0.002075	
340.084	0.601303	0.591882	307.280718	106.182752	3010.596662	0.000881	-0.000976	0.002274	
341.073	0.404723	0.591347	307.337533	106.193928	3012.263985	0.000651	-0.000960	0.001663	
342.073	0.381596	0.593256	307.307548	106.247572	3012.263985	0.001288	-0.001080	0.002274	
343.073	0.431705	0.592722	307.274406	106.214044	3013.546541	0.001227	-0.001044	0.003143	
344.074	0.736211	0.591271	307.288609	106.200633	3014.957353	0.000605	-0.000965	0.002747	
345.074	0.847992	0.592187	307.294922	106.171576	3017.137699	0.000782	-0.000963	0.002106	
346.074	0.643703	0.592645	307.287031	106.236396	3019.446301	0.001234	-0.001046	0.002640	
347.075	0.628285	0.592111	307.285453	106.247572	3020.472346	0.001119	-0.001088	0.002914	
348.075	0.859555	0.592035	307.291766	106.202868	3022.267925	0.000705	-0.000932	0.002304	
349.075	0.686102	0.592035	307.305970	106.220750	3024.191759	0.000812	-0.000983	0.002945	
350.069	0.470250	0.593562	307.288609	106.249807	3025.089549	0.001265	-0.001067	0.002151	
351.069	0.593594	0.592416	307.266515	106.220750	3026.756872	0.001027	-0.001040	0.001648	
352.075	0.925082	0.591500	307.339112	106.227455	3028.680706	0.000697	-0.000929	0.002991	
353.078	0.851846	0.592645	307.282297	106.207339	3028.680706	0.001127	-0.001030	0.002808	
354.078	0.543486	0.592645	307.266515	106.229690	3028.937218	0.001426	-0.001097	0.003647	
355.078	0.824865	0.593027	307.301235	106.260982	3032.784887	0.000904	-0.000960	0.002975	
356.078	1.040717	0.591958	307.337533	106.231925	3034.323954	0.000751	-0.000940	0.003143	
357.078	0.774756	0.592645	307.309126	106.240866	3032.784887	0.001196	-0.001027	0.002640	
358.078	0.716938	0.592722	307.277562	106.272158	3034.580466	0.001111	-0.001074	0.001862	
359.081	1.009881	0.592111	307.318595	106.252042	3038.428135	0.000774	-0.000960	0.002167	
360.069	1.025299	0.590965	307.326486	106.245336	3042.788826	0.000582	-0.000965	0.001999	
361.069	0.767047	0.593409	307.312282	106.281099	3043.558360	0.001288	-0.001064	0.002319	
362.079	0.821010	0.592645	307.317017	106.290040	3046.379984	0.001104	-0.001090	0.003021	
363.079	1.017590	0.592645	307.326486	106.269923	3046.636496	0.000805	-0.000968	0.002365	
364.079	1.044571	0.590355	307.339112	106.229690	3047.406029	0.000713	-0.000935	0.002487	
365.080	0.867264	0.591882	307.305970	106.276629	3048.047308	0.001227	-0.001061	0.001999	
366.080	0.736211	0.593027	307.324908	106.265453	3050.997187	0.001165	-0.001033	0.002686	
367.080	1.121662	0.592111	307.335955	106.263218	3053.305789	0.000851	-0.000948	0.001846	
368.076	1.152498	0.592645	307.335955	106.238631	3053.434044	0.000897	-0.000953	0.002396	
369.080	0.867264	0.591805	307.310704	106.292275	3055.614390	0.001288	-0.001105	0.002441	
370.081	0.917373	0.592569	307.348581	106.281099	3059.077292	0.001165	-0.001036	0.001938	
371.076	1.133225	0.592111	307.331221	106.263218	3062.411939	0.000759	-0.000940	0.002579	
372.081	0.913518	0.591805	307.329643	106.274393	3061.129383	0.000904	-0.000973	0.002792	
373.082	0.898100	0.593867	307.318595	106.301215	3056.383924	0.001395	-0.001103	0.002991	
374.082	0.821010	0.592340	307.326486	106.281099	3061.257638	0.001181	-0.001010	0.001221	
375.082	1.291260	0.591805	307.364363	106.278864	3065.105307	0.000628	-0.000937	0.002121	
376.083	1.218024	0.592035	307.359628	106.287804	3066.772631	0.001088	-0.001062	0.002380	
377.083	0.759338	0.593714	307.283875	106.332508	3069.979021	0.001426	-0.001095	0.002930	
378.070	1.167916	0.591882	307.326486	106.278864	3070.107277	0.000889	-0.000969	0.003296	
379.083	1.352932	0.590278	307.350159	106.312391	3074.467969	0.000682	-0.000894	0.001465	
380.083	1.117807	0.591805	307.313861	106.305686	3070.492044	0.000989	-0.001035	0.002228	
381.083	0.840283	0.592798	307.309126	106.336978	3068.824721	0.001434	-0.001056	0.002563	
382.084	1.125516	0.593256	307.342268	106.307921	3072.800645	0.000966	-0.000950	0.002548	
383.084	1.275842	0.591882	307.365941	106.285569	3077.802615	0.000751	-0.000955	0.001678	
384.069	1.152498	0.592951	307.356472	106.316861	3076.776570	0.001549	-0.001036	0.002579	
385.069	0.851846	0.592722	307.312282	106.330272	3076.648315	0.001219	-0.001079	0.002930	
386.069	1.352932	0.592569	307.335955	106.296745	3081.393773	0.000812	-0.000942	0.002457	
387.070	1.287405	0.592493	307.359628	106.294510	3081.009006	0.000858	-0.000978	0.002411	
388.070	0.990608	0.592951	307.324908	106.319097	3081.009006	0.001303	-0.001079	0.002121	
389.070	1.137080	0.591729	307.321752	106.339213	3084.343653	0.001250	-0.001031	0.002884	
390.070	1.298969	0.592798	307.362785	106.303450	3086.523999	0.000674	-0.000929	0.001953	
391.071	1.210315	0.591958	307.335955	106.303450	3085.369698	0.000866	-0.001012	0.002396	
392.071	1.044571	0.592875	307.309126	106.343683	3087.037021	0.001257	-0.001116	0.002991	
393.071	1.148643	0.591576	307.350159	106.312391	3088.063066	0.000820	-0.001002	0.002029	
394.071	1.472422	0.590660	307.359628	106.307921	3091.782480	0.000820	-0.000917	0.003098	
395.072	1.661293	0.593256	307.339112	106.316861	3093.834570	0.000973	-0.001007	0.002319	
396.072	1.156352	0.593714	307.313861	106.359329	3093.578059	0.001319	-0.001072	0.002502	
397.072	1.260424	0.592416	307.315439	106.321332	3094.604104	0.000774	-0.000994	0.002274	
398.073	1.487840	0.592416	307.383301	106.307921	3097.938750	0.000713	-0.000938	0.001801	
399.073	1.298969	0.592951	307.372254	106.339213	3095.245382	0.001088	-0.001071	0.002777	
400.074	1.098535	0.593027	307.340690	106.343683	3094.347592	0.001227	-0.001095	0.001846	
401.074	1.464713	0.592493	307.339112	106.334743	3097.553983	0.000835	-0.001009	0.002563	
402.074	1.437731	0.590813	307.380145	106.325802	3099.477818	0.000651	-0.000961	0.002304	
403.075	1.364496	0.592645	307.370676	106.350389	3098.708284	0.001157	-0.001023	0.002487	
404.075	1.167916	0.592340	307.313861	106.359329	3102.684209	0.001380	-0.001095	0.002319	
405.075	1.433877	0.591653	307.351737	106.352624	3106.275367	0.000874	-0.000994	0.002701	
406.076	1.480131	0.592264	307.410130	106.330272	3105.505833	0.000927	-0.000943	0.002960	
407.077	1.264278	0.592340	307.373832	106.372740	3108.199201	0.001196	-0.001056	0.003082	
408.070	1.198752	0.593409	307.328064	106.368270	3106.660133	0.001265	-0.001084	0.002319	
409.071	1.433877	0.591958	307.347003	106.316861	3108.968735	0.000774	-0.000992	0.002472	
410.071	1.499403	0.592875	307.362785	106.325802	3110.251291	0.000812	-0.000978	0.003159	
411.071	1.140934	0.592875	307.345424	106.350389	3110.123036	0.001372	-0.001079	0.002686	
412.072	1.175625	0.592416	307.348581	106.372740	3114.868494	0.001196	-0.001059	0.002472	
413.072	1.514821	0.591347	307.362785	106.345918	3118.459652	0.000904	-0.000943	0.002716	
414.072	1.684420	0.591729	307.354894	106.350389	3115.381517	0.000797	-0.001025	0.003036	
415.072	1.218024	0.593409	307.364363	106.397327	3115.125006	0.001388	-0.001085	0.002930	
416.073	1.333660	0.592569	307.342268	106.354859	3116.920584	0.000920	-0.001044	0.003281	
417.073	1.699838	0.591576	307.380145	106.357094	3119.742208	0.000667	-0.000952	0.002457	
418.070	1.279696	0.592569	307.416443	106.363800	3121.666043	0.001050	-0.001007	0.002853	
419.073	1.048426	0.592951	307.353315	106.374976	3120.511742	0.001549	-0.001077	0.002335	
420.074	1.453149	0.592111	307.389614	106.415208	3123.974644	0.000966	-0.001004	0.002121	
421.074	1.576493	0.591958	307.384879	106.345918	3127.052780	0.000766	-0.000943	0.003281	
422.074	1.433877	0.592187	307.383301	106.386151	3126.924524	0.001265	-0.001028	0.002838	
423.074	1.171770	0.592340	307.373832	106.370505	3127.950569	0.001495	-0.001136	0.002655	
424.075	1.426168	0.591805	307.400661	106.390622	3130.643938	0.001050	-0.001015	0.002548	
425.075	1.676711	0.591424	307.386458	106.334743	3130.259171	0.000743	-0.000924	0.002869	
426.075	1.310532	0.594173	307.367519	106.377211	3128.591847	0.001081	-0.001062	0.002869	
427.076	1.214170	0.593333	307.373832	106.415208	3128.720103	0.001418	-0.001108	0.002853	
428.076	1.510967	0.591805	307.405396	106.381681	3131.798238	0.000720	-0.000991	0.001953	
429.076	1.884854	0.591882	307.397505	106.363800	3133.080795	0.000812	-0.000968	0.002029	
430.077	1.036862	0.593791	307.410130	106.428619	3133.850328	0.001211	-0.001097	0.002411	
431.073	1.271987	0.592722	307.369097	106.408503	3134.363351	0.001127	-0.001079	0.003021	
432.077	1.715256	0.591805	307.400661	106.366035	3138.467531	0.000897	-0.000914	0.002457	
433.077	1.572639	0.591882	307.411709	106.370505	3140.391366	0.000927	-0.000958	0.002350	
434.078	1.287405	0.593791	307.362785	106.412973	3140.391366	0.001319	-0.001090	0.002838	
435.078	1.314387	0.592722	307.372254	106.408503	3142.443456	0.001073	-0.001038	0.002472	
436.078	1.564930	0.591042	307.436960	106.388386	3144.752058	0.000628	-0.000930	0.002792	
437.078	1.549512	0.592187	307.388036	106.372740	3143.982524	0.000966	-0.000987	0.002457	
438.070	1.268133	0.592875	307.457476	106.446501	3146.804148	0.001457	-0.001132	0.001953	
439.079	1.349078	0.592264	307.370676	106.388386	3146.419381	0.001050	-0.001053	0.003204	
440.079	1.688274	0.592416	307.422756	106.408503	3148.471471	0.000590	-0.000953	0.001968	
441.079	1.642020	0.591576	307.380145	106.399562	3147.317170	0.001027	-0.001058	0.002411	
442.079	1.268133	0.593638	307.389614	106.446501	3147.445426	0.001296	-0.001168	0.003372	
443.080	1.588057	0.591576	307.413287	106.406268	3154.242975	0.000996	-0.001054	0.002853	
444.080	1.726819	0.590813	307.413287	106.401797	3158.090644	0.000644	-0.000956	0.002335	
445.080	1.522530	0.593104	307.400661	106.390622	3157.577621	0.001211	-0.001062	0.002808	
446.081	1.403041	0.593562	307.383301	106.450971	3156.808087	0.001395	-0.001095	0.003738	
447.081	1.807764	0.591805	307.402239	106.404033	3157.705877	0.000989	-0.000981	0.002579	
448.070	1.784637	0.592645	307.444851	106.404033	3156.936343	0.000736	-0.000994	0.001846	
449.081	1.271987	0.592569	307.394348	106.446501	3158.218899	0.001426	-0.001080	0.003464	
450.081	1.056135	0.592493	307.400661	106.444265	3160.912268	0.001273	-0.001093	0.002441	
451.082	1.815473	0.592035	307.443273	106.401797	3161.938313	0.000828	-0.000963	0.002914	
452.082	1.642020	0.592187	307.449585	106.399562	3162.194824	0.000743	-0.000963	0.002090	
453.082	1.318241	0.592416	307.369097	106.473322	3162.066569	0.001319	-0.001136	0.002777	
454.082	1.295114	0.592493	307.389614	106.484498	3165.529471	0.001127	-0.001124	0.002930	
455.083	1.888709	0.590813	307.432225	106.442030	3166.940283	0.000743	-0.000953	0.002625	
456.083	1.749946	0.592798	307.394348	106.426384	3169.890162	0.000820	-0.000983	0.001984	
457.083	1.391477	0.592875	307.395927	106.502379	3169.505395	0.001380	-0.001121	0.002869	
458.070	1.379914	0.592722	307.402239	106.473322	3169.505395	0.001065	-0.001062	0.003220	
459.070	1.896418	0.590813	307.432225	106.435325	3172.198764	0.000728	-0.000940	0.003693	
460.070	1.588057	0.592722	307.430647	106.497909	3172.455275	0.001065	-0.001036	0.002853	
461.071	1.352932	0.594173	307.383301	106.488969	3171.813997	0.001418	-0.001100	0.002731	
462.071	1.591912	0.591958	307.408552	106.466617	3176.046433	0.001204	-0.001012	0.002792	
463.071	1.803909	0.592111	307.424334	106.444265	3179.637591	0.000812	-0.000932	0.000473	
464.072	2.459176	0.590813	307.424334	106.482263	3175.405155	0.001280	-0.001028	0.002213	
465.072	0.423996	0.590965	307.408552	106.511320	3175.661666	0.001434	-0.001090	0.003464	
466.072	0.743920	0.589667	307.444851	106.473322	3178.483290	0.000736	-0.000986	0.002518	
467.072	0.801738	0.589515	307.452742	106.435325	3182.843982	0.000866	-0.000989	0.001022	
468.070	0.655266	0.590278	307.444851	106.477793	3182.459215	0.001380	-0.001087	0.001785	
469.072	0.397014	0.591042	307.410130	106.500144	3185.537350	0.001234	-0.001075	0.002151	
470.073	0.647557	0.589515	307.432225	106.495674	3188.487230	0.000812	-0.000942	0.002609	
471.073	0.863410	0.590278	307.436960	106.424149	3186.819906	0.000766	-0.000991	0.002426	
472.073	0.512649	0.591500	307.425912	106.495674	3186.306884	0.001418	-0.001101	0.001724	
473.074	0.504940	0.590049	307.394348	106.491204	3187.717696	0.001242	-0.001095	0.001541	
474.074	0.851846	0.589515	307.470102	106.495674	3191.437109	0.000743	-0.000968	0.001755	
475.074	0.828719	0.589973	307.448007	106.480028	3193.104433	0.000989	-0.000997	0.002014	
476.075	0.609012	0.591042	307.418021	106.495674	3190.282809	0.001411	-0.001087	0.001755	
477.075	0.743920	0.589438	307.460633	106.542612	3191.308854	0.001265	-0.001048	0.002502	
478.069	0.921227	0.589591	307.432225	106.497909	3193.360944	0.000805	-0.000952	0.002502	
479.075	0.882682	0.588751	307.449585	106.477793	3193.489199	0.001035	-0.001022	0.001526	
480.075	0.632139	0.591118	307.402239	106.567199	3194.643500	0.001311	-0.001145	0.002747	
481.076	0.751629	0.589744	307.455898	106.497909	3199.004192	0.001073	-0.001023	0.001953	
482.077	1.140934	0.589667	307.477993	106.450971	3197.978147	0.000797	-0.000950	0.002274	
483.077	0.701520	0.590049	307.443273	106.491204	3199.388959	0.001204	-0.001114	0.002319	
484.077	0.697666	0.590965	307.424334	106.538142	3198.234658	0.001349	-0.001141	0.002625	
485.078	0.990608	0.589973	307.459054	106.488969	3201.697560	0.001065	-0.001025	0.002548	
486.078	1.422313	0.590049	307.485884	106.524731	3206.186507	0.000743	-0.000974	0.000977	
487.078	0.824865	0.591195	307.459054	106.544847	3205.288718	0.001165	-0.001088	0.002014	
488.070	0.740065	0.590889	307.399083	106.564964	3205.288718	0.001388	-0.001126	0.002686	
489.078	1.372205	0.589591	307.482727	106.529201	3206.956041	0.000751	-0.000978	0.001694	
490.079	1.210315	0.589286	307.471680	106.515790	3207.340808	0.000820	-0.000969	0.002396	
491.071	0.952063	0.591118	307.411709	106.526966	3204.134417	0.001426	-0.001100	0.002579	
492.079	0.713084	0.590278	307.419600	106.540377	3209.905921	0.001204	-0.001111	0.002472	
493.079	1.156352	0.588598	307.463789	106.553788	3213.240568	0.000874	-0.000979	0.001404	
494.080	1.075408	0.590584	307.452742	106.520261	3212.471034	0.000843	-0.001012	0.002228	
495.080	0.859555	0.590660	307.451163	106.544847	3213.240568	0.001288	-0.001124	0.002441	
496.080	0.967481	0.590049	307.466945	106.562729	3218.370793	0.001142	-0.001054	0.002121	
497.080	0.967481	0.589438	307.500088	106.522496	3220.422883	0.000713	-0.001022	0.002441	
498.069	1.071553	0.590584	307.454320	106.540377	3220.935906	0.001150	-0.001033	0.002106	
499.080	0.809447	0.590736	307.462211	106.562729	3221.320673	0.001349	-0.001090	0.003113	
500.083	1.067699	0.589667	307.493775	106.558258	3224.655319	0.000996	-0.001041	0.002808	
501.083	1.472422	0.588980	307.490618	106.509085	3223.757530	0.000736	-0.000956	0.002533	
502.084	1.106244	0.590431	307.490618	106.515790	3222.218462	0.001081	-0.001062	0.002502	
503.084	0.855701	0.590126	307.484306	106.551553	3226.322642	0.001349	-0.001139	0.001907	
504.084	1.160207	0.589286	307.487462	106.538142	3229.657289	0.000736	-0.001022	0.001968	
505.069	1.287405	0.589515	307.506400	106.529201	3232.991936	0.000705	-0.001009	0.001740	
506.069	0.867264	0.590507	307.501666	106.576140	3231.196357	0.001227	-0.001059	0.001968	
507.070	0.844137	0.590736	307.485884	106.578375	3230.555078	0.001365	-0.001121	0.002060	
508.069	1.229588	0.590584	307.533230	106.544847	3235.685304	0.001004	-0.001015	0.001663	
509.069	1.364496	0.590049	307.522182	106.520261	3236.583093	0.000920	-0.000987	0.001190	
510.070	0.898100	0.591347	307.481149	106.582845	3234.531003	0.001334	-0.001084	0.002640	
511.070	1.009881	0.591195	307.462211	106.544847	3235.557048	0.001234	-0.001062	0.002258	
512.070	1.349078	0.590126	307.484306	106.544847	3239.404717	0.000820	-0.000961	0.001358	
513.071	1.260424	0.589820	307.506400	106.522496	3242.867620	0.000736	-0.000973	0.001587	
514.071	0.955918	0.589896	307.490618	106.585080	3243.508898	0.001326	-0.001097	0.001617	
515.071	0.994463	0.590660	307.484306	106.522496	3244.150176	0.001273	-0.001082	0.001343	
516.072	1.453149	0.589056	307.534808	106.556023	3246.202266	0.000881	-0.000971	0.001907	
517.072	1.237297	0.589973	307.487462	106.531437	3244.534943	0.001004	-0.001033	0.002396	
518.073	0.952063	0.589973	307.512713	106.560494	3245.560988	0.001288	-0.001116	0.001511	
519.074	1.098535	0.589286	307.463789	106.567199	3248.382612	0.001303	-0.001031	0.001999	
520.074	1.302823	0.589209	307.511135	106.526966	3250.691213	0.000759	-0.000986	0.001144	
521.074	1.148643	0.589056	307.496931	106.526966	3249.023890	0.001019	-0.001040	0.002045	
522.075	0.994463	0.589744	307.433803	106.573905	3250.562958	0.001357	-0.001100	0.001602	
523.075	1.218024	0.588980	307.487462	106.538142	3253.641093	0.001257	-0.000994	0.001923	
524.075	1.376059	0.587453	307.520604	106.560494	3256.719228	0.000766	-0.000971	0.001526	
525.076	1.121662	0.590126	307.484306	106.556023	3256.847484	0.001157	-0.001082	0.001938	
526.076	1.021444	0.590736	307.496931	106.616373	3257.488762	0.001242	-0.001132	0.001785	
527.077	1.387623	0.589667	307.511135	106.582845	3262.362476	0.001012	-0.001012	0.002045	
528.069	1.379914	0.589820	307.547433	106.576140	3263.132010	0.000766	-0.000973	0.001617	
529.069	1.094680	0.589973	307.528495	106.611902	3260.566897	0.001150	-0.001051	0.001846	
530.070	1.009881	0.589438	307.519026	106.611902	3262.362476	0.001303	-0.001150	0.001602	
531.070	1.414604	0.589286	307.523760	106.562729	3267.236191	0.000812	-0.001015	0.002228	
532.070	1.383768	0.588675	307.533230	106.549318	3268.390491	0.000920	-0.000996	0.002029	
533.071	1.245006	0.590049	307.509557	106.625313	3267.236191	0.001464	-0.001137	0.002319	
534.071	1.071553	0.589896	307.498509	106.611902	3266.594912	0.001319	-0.001082	0.002319	
535.071	1.345223	0.588827	307.525339	106.605197	3271.596882	0.000728	-0.000986	0.001923	
536.072	1.457004	0.589286	307.530073	106.589551	3273.392461	0.000805	-0.001007	0.002243	
537.072	1.006026	0.590660	307.514291	106.636489	3275.059784	0.001380	-0.001110	0.002899	
538.069	1.152498	0.589133	307.545855	106.600726	3275.829318	0.001012	-0.001106	0.002472	
539.072	1.445440	0.589056	307.567950	106.625313	3278.650942	0.000843	-0.000976	0.002243	
540.072	1.287405	0.589896	307.523760	106.580610	3277.111875	0.000973	-0.001033	0.002670	
541.072	1.029153	0.590431	307.507978	106.591786	3279.548732	0.001319	-0.001106	0.002380	
542.073	1.225733	0.590202	307.530073	106.616373	3280.446521	0.000966	-0.001053	0.002792	
543.073	1.507112	0.589209	307.544277	106.600726	3281.857333	0.000667	-0.000960	0.002594	
544.073	1.368350	0.589362	307.514291	106.629783	3283.139889	0.001088	-0.001069	0.002884	
545.074	1.102389	0.591118	307.501666	106.634254	3283.011634	0.001234	-0.001134	0.002701	
546.074	1.364496	0.589362	307.522182	106.598491	3288.398371	0.001065	-0.001059	0.002182	
547.074	1.352932	0.589744	307.542699	106.607432	3289.809183	0.000605	-0.000987	0.002335	
548.075	1.248860	0.589744	307.547433	106.636489	3287.628837	0.001257	-0.001082	0.002838	
549.075	0.871119	0.589973	307.523760	106.640959	3288.654882	0.001204	-0.001129	0.002609	
550.079	1.460858	0.589667	307.564793	106.649900	3295.195919	0.000789	-0.001018	0.001740	
551.071	1.618893	0.589056	307.602670	106.611902	3294.811152	0.000889	-0.001010	0.001755	
552.075	1.202606	0.590965	307.536386	106.643194	3296.863243	0.001334	-0.001129	0.002274	
553.076	1.256569	0.589896	307.519026	106.672251	3299.684867	0.001518	-0.001111	0.002258	
554.081	1.800055	0.589286	307.556903	106.634254	3298.402310	0.000843	-0.000969	0.002121	
555.082	1.507112	0.590126	307.577419	106.649900	3300.839167	0.001150	-0.000979	0.001755	
556.082	1.391477	0.591424	307.560059	106.661076	3302.378235	0.001472	-0.001170	0.001282	
557.082	1.283551	0.590431	307.585310	106.663311	3304.302069	0.001265	-0.001084	0.002823	
558.069	1.580348	0.588751	307.612139	106.658841	3304.430325	0.000774	-0.000971	0.002151	
559.069	1.464713	0.590584	307.620030	106.643194	3306.225904	0.000943	-0.001054	0.002380	
560.069	1.206461	0.590202	307.558481	106.683427	3305.969393	0.001296	-0.001163	0.002014	
561.070	1.441586	0.588827	307.575841	106.640959	3310.073573	0.000958	-0.001069	0.002747	
562.070	1.669002	0.588751	307.605827	106.643194	3308.919272	0.000851	-0.000997	0.003143	
563.070	1.387623	0.589744	307.586888	106.645430	3310.073573	0.001257	-0.001071	0.002411	
564.071	1.298969	0.590202	307.547433	106.685662	3311.740896	0.001365	-0.001152	0.001907	
565.071	1.483985	0.590278	307.601092	106.683427	3316.871122	0.000981	-0.001027	0.003113	
566.071	1.588057	0.589286	307.618452	106.643194	3315.845077	0.000728	-0.000966	0.002670	
567.072	1.218024	0.590813	307.591623	106.676722	3316.358099	0.001357	-0.001142	0.002426	
568.070	1.306678	0.590889	307.613718	106.681192	3320.077513	0.001380	-0.001149	0.001602	
569.071	1.329805	0.589744	307.596357	106.652135	3323.027392	0.000904	-0.000981	0.002060	
570.072	1.711401	0.589286	307.627921	106.643194	3323.412159	0.000782	-0.000965	0.002182	
571.072	1.298969	0.590507	307.605827	106.667781	3320.334024	0.001296	-0.001114	0.002411	
572.072	1.198752	0.590355	307.574263	106.670016	3323.027392	0.001342	-0.001123	0.002335	
573.072	1.734528	0.588369	307.607405	106.676722	3324.053438	0.000736	-0.001000	0.001984	
574.073	1.703692	0.588904	307.624765	106.674487	3323.925182	0.001050	-0.001025	0.002167	
575.073	1.376059	0.590660	307.586888	106.687898	3326.105528	0.001618	-0.001119	0.001572	
576.073	1.264278	0.590584	307.604248	106.743777	3326.746806	0.001319	-0.001087	0.001633	
577.074	1.615039	0.589286	307.657907	106.701309	3331.748776	0.000659	-0.001014	0.002090	
578.074	1.522530	0.588827	307.610561	106.716955	3335.468189	0.000966	-0.001014	0.001923	
579.074	1.437731	0.590355	307.582154	106.719190	3332.903076	0.001372	-0.001110	0.002548	
580.075	1.349078	0.589438	307.578997	106.712484	3334.570400	0.001227	-0.001113	0.002563	
581.075	1.279696	0.588751	307.588466	106.676722	3336.622490	0.000835	-0.000996	0.002579	
582.075	1.518676	0.589515	307.596357	106.730366	3337.135512	0.000897	-0.001043	0.002670	
583.076	1.264278	0.590202	307.586888	106.699073	3337.263768	0.001457	-0.001163	0.003403	
584.077	1.449295	0.589820	307.577419	106.716955	3339.957136	0.001096	-0.001046	0.001663	
585.077	1.776928	0.588446	307.594779	106.710249	3343.420039	0.000636	-0.000983	0.002060	
586.078	1.534094	0.588522	307.591623	106.712484	3343.804806	0.001196	-0.001097	0.001450	
587.078	1.302823	0.589667	307.545855	106.734836	3343.804806	0.001418	-0.001152	0.002335	
588.084	1.757655	0.588675	307.586888	106.692368	3344.189572	0.000881	-0.001030	0.002441	
589.084	1.607330	0.588827	307.627921	106.696838	3346.754685	0.000659	-0.000976	0.002167	
590.084	1.433877	0.590813	307.602670	106.732601	3347.267708	0.001181	-0.001103	0.001984	
591.085	1.295114	0.590049	307.594779	106.743777	3346.498174	0.001403	-0.001085	0.002121	
592.094	1.599621	0.588980	307.620030	106.708014	3349.704565	0.000881	-0.001041	0.002274	
593.086	1.699838	0.589667	307.616874	106.696838	3351.243632	0.000881	-0.001033	0.002274	
594.085	1.495549	0.589515	307.627921	106.730366	3353.295723	0.001403	-0.001121	0.001953	
595.085	1.680565	0.589056	307.597936	106.739306	3354.321768	0.001004	-0.001141	0.002441	
596.085	1.649729	0.588904	307.634234	106.712484	3355.219557	0.000897	-0.001009	0.001907	
597.095	1.807764	0.589362	307.673689	106.694603	3357.015136	0.000789	-0.001035	0.001541	
598.100	1.379914	0.590049	307.627921	106.730366	3356.373858	0.001280	-0.001154	0.002121	
599.103	1.125516	0.589667	307.594779	106.739306	3358.554204	0.001127	-0.001129	0.002289	
600.121	1.711401	0.587758	307.651594	106.719190	3364.069196	0.000659	-0.001002	0.002350	
601.136	1.669002	0.588293	307.631078	106.712484	3363.427918	0.000736	-0.001023	0.002518	
602.137	1.503258	0.589973	307.593201	106.730366	3363.043151	0.001219	-0.001116	0.002472	
603.137	1.460858	0.589973	307.601092	106.748247	3366.121286	0.001265	-0.001077	0.002396	
604.132	1.815473	0.588675	307.640547	106.687898	3365.095241	0.000728	-0.000994	0.002914	
605.139	1.603475	0.588904	307.612139	106.748247	3363.684429	0.001173	-0.001080	0.002731	
606.139	1.503258	0.589591	307.626343	106.761658	3363.556174	0.001426	-0.001173	0.003647	
607.139	1.742237	0.588827	307.620030	106.728130	3368.045121	0.001073	-0.001056	0.003296	
608.149	1.761510	0.589286	307.678423	106.708014	3372.021046	0.000743	-0.000979	0.002258	
609.150	1.622748	0.588598	307.645281	106.741541	3372.021046	0.000989	-0.001049	0.001831	
610.150	1.356787	0.590660	307.605827	106.768363	3372.662324	0.001480	-0.001162	0.002777	
611.150	1.622748	0.589056	307.623187	106.750482	3372.277557	0.001127	-0.001071	0.003296	
612.156	1.788491	0.589438	307.672111	106.730366	3375.355692	0.000751	-0.001002	0.001526	
613.156	0.092508	0.590355	307.645281	106.775069	3374.970925	0.001111	-0.001088	0.002380	
614.152	-0.034691	0.589896	307.608983	106.784009	3373.047091	0.001357	-0.001168	0.002853	
615.152	-0.030836	0.587453	307.650016	106.721425	3375.099181	0.001004	-0.001035	0.002579	
616.152	0.003855	0.587682	307.676845	106.721425	3378.433827	0.000866	-0.001028	0.003143	
617.157	0.231270	0.589515	307.667376	106.761658	3377.407782	0.001196	-0.001113	0.001846	
618.163	-0.015418	0.588980	307.635812	106.790715	3379.716384	0.001441	-0.001168	0.003143	
619.163	0.358469	0.587224	307.668954	106.754952	3379.844639	0.000943	-0.001031	0.002258	
620.170	0.470250	0.586842	307.687893	106.772834	3384.461842	0.000897	-0.001046	0.002441	
621.170	0.200434	0.588980	307.637390	106.777304	3383.564053	0.001242	-0.001131	0.002426	
622.173	0.200434	0.588751	307.637390	106.806361	3384.590098	0.001388	-0.001137	0.003036	
623.164	0.651412	0.588293	307.694205	106.763893	3388.053000	0.000835	-0.001040	0.001770	
624.164	0.670684	0.588293	307.697362	106.739306	3389.976835	0.000881	-0.001038	0.002914	
625.165	0.138762	0.588980	307.672111	106.768363	3388.053000	0.001418	-0.001123	0.002365	
626.165	0.231270	0.588446	307.702096	106.779539	3389.335557	0.001234	-0.001087	0.001862	
627.174	0.693811	0.586460	307.683158	106.737071	3392.926714	0.000751	-0.001023	0.002869	
628.178	0.616721	0.587682	307.719457	106.750482	3392.670203	0.000874	-0.001046	0.001877	
629.166	0.308361	0.588216	307.695784	106.797420	3394.722293	0.001349	-0.001160	0.001862	
630.168	0.404723	0.587835	307.687893	106.784009	3397.030895	0.001065	-0.001087	0.002777	
631.168	0.724647	0.588140	307.724191	106.725895	3398.441707	0.000667	-0.001030	0.002579	
632.168	0.570467	0.588827	307.689471	106.763893	3401.263331	0.001004	-0.001069	0.002335	
633.169	0.339197	0.589362	307.724191	106.790715	3402.417631	0.001395	-0.001162	0.002090	
634.163	0.724647	0.587987	307.716300	106.815302	3404.854489	0.000950	-0.001048	0.002380	
635.171	0.732356	0.586689	307.692627	106.759423	3405.111000	0.000690	-0.001023	0.002716	
636.171	0.547340	0.588369	307.703675	106.766128	3404.084955	0.001242	-0.001126	0.002518	
637.171	0.316070	0.588980	307.684736	106.833183	3404.084955	0.001472	-0.001152	0.002487	
638.180	0.686102	0.587987	307.700518	106.801891	3405.752278	0.000904	-0.001020	0.002014	
639.181	0.844137	0.588140	307.721035	106.770598	3409.856458	0.000958	-0.000999	0.001862	
640.181	0.497231	0.588751	307.719457	106.784009	3411.010759	0.001242	-0.001118	0.002258	
641.181	0.647557	0.589133	307.722613	106.777304	3412.934594	0.001242	-0.001144	0.002396	
642.182	0.609012	0.587758	307.724191	106.792950	3412.036804	0.001004	-0.001071	0.002518	
643.182	0.801738	0.587377	307.755755	106.837653	3412.678082	0.000874	-0.000999	0.002151	
644.182	0.520358	0.588980	307.725769	106.830948	3411.139015	0.001326	-0.001141	0.000885	
645.182	0.520358	0.588980	307.732082	106.824242	3414.858428	0.001357	-0.001142	0.002151	
646.183	0.890391	0.587529	307.713144	106.788480	3416.012729	0.000881	-0.000969	0.001724	
647.183	0.890391	0.587224	307.755755	106.786245	3418.064819	0.000920	-0.001058	0.001877	
648.193	0.597449	0.588675	307.713144	106.822007	3414.986684	0.001395	-0.001149	0.002625	
649.193	0.605158	0.587987	307.700518	106.784009	3418.193075	0.001234	-0.001129	0.002518	
650.184	1.052280	0.587147	307.736817	106.779539	3419.988654	0.000851	-0.000994	0.001816	
651.185	0.801738	0.588598	307.703675	106.770598	3422.169000	0.001088	-0.001085	0.002731	
652.185	0.555049	0.588140	307.700518	106.842123	3422.040744	0.001526	-0.001157	0.002762	
653.194	0.720793	0.588369	307.744708	106.819772	3423.579812	0.000973	-0.001062	0.001816	
654.194	0.967481	0.587224	307.754177	106.797420	3424.092834	0.000667	-0.001015	0.002808	
655.195	0.697666	0.587835	307.751020	106.826477	3426.144924	0.001388	-0.001093	0.002029	
656.195	0.528067	0.588140	307.730504	106.871180	3428.068759	0.001395	-0.001173	0.002441	
657.195	0.901955	0.587606	307.751020	106.808596	3429.864338	0.000889	-0.001062	0.002487	
658.208	0.805592	0.587606	307.779428	106.788480	3429.992593	0.000682	-0.001033	0.001724	
659.197	0.416287	0.588827	307.743129	106.851064	3428.838293	0.001188	-0.001129	0.003098	
660.197	0.674539	0.589515	307.711566	106.837653	3429.736082	0.001357	-0.001158	0.003235	
661.198	0.890391	0.587224	307.728926	106.824242	3432.942473	0.000950	-0.001040	0.002792	
662.198	0.932791	0.587377	307.747864	106.795185	3433.583751	0.000820	-0.001010	0.002487	
663.198	0.655266	0.589056	307.692627	106.837653	3433.583751	0.001296	-0.001137	0.003006	
664.199	0.520358	0.588446	307.694205	106.891297	3434.609796	0.001303	-0.001184	0.002502	
665.199	0.948209	0.587606	307.743129	106.819772	3436.148864	0.000874	-0.001022	0.002289	
666.199	0.925082	0.587606	307.757333	106.801891	3438.842232	0.000897	-0.001017	0.003464	
667.200	0.632139	0.588522	307.692627	106.839888	3440.637811	0.001434	-0.001167	0.002457	
668.201	0.666830	0.588827	307.751020	106.810831	3440.637811	0.001219	-0.001136	0.002441	
669.201	0.871119	0.587987	307.733660	106.775069	3439.868277	0.000774	-0.001007	0.002747	
670.202	0.994463	0.587071	307.751020	106.833183	3439.868277	0.000973	-0.001054	0.002411	
671.195	0.713084	0.588522	307.771537	106.864475	3439.868277	0.001603	-0.001114	0.001785	
672.201	0.890391	0.588980	307.716300	106.817537	3442.176879	0.000996	-0.001108	0.002792	
673.201	1.117807	0.587758	307.758911	106.810831	3443.972458	0.000536	-0.001010	0.003265	
674.204	0.971336	0.588064	307.757333	106.837653	3441.920368	0.000920	-0.001100	0.002762	
675.205	0.609012	0.588904	307.749442	106.855534	3444.485480	0.001449	-0.001129	0.002655	
676.205	0.986754	0.587606	307.738395	106.844359	3447.820127	0.000659	-0.001059	0.001755	
677.205	1.140934	0.586995	307.777850	106.839888	3449.230939	0.000621	-0.001035	0.002228	
678.208	0.871119	0.588522	307.768381	106.826477	3447.435360	0.001242	-0.001113	0.002167	
679.208	0.855701	0.588751	307.752599	106.846594	3448.717916	0.001434	-0.001176	0.002060	
680.209	1.021444	0.587835	307.815726	106.824242	3451.800060	0.001065	-0.001017	0.002090	
681.209	0.990608	0.587377	307.787319	106.835418	3454.493428	0.000782	-0.000987	0.001389	
682.209	0.821010	0.588751	307.771537	106.826477	3455.391217	0.001242	-0.001155	0.001877	
683.194	0.817156	0.588751	307.763646	106.882356	3453.210872	0.001219	-0.001165	0.002029	
684.194	0.847992	0.587758	307.790475	106.860005	3455.647729	0.000904	-0.001015	0.001785	
685.194	1.144789	0.587300	307.810992	106.839888	3457.571563	0.001035	-0.001012	0.001907	
686.195	0.840283	0.588522	307.795210	106.880121	3456.032496	0.001472	-0.001171	0.002167	
687.195	0.508795	0.588369	307.771537	106.855534	3459.623653	0.001372	-0.001141	0.001450	
688.208	1.202606	0.587835	307.728926	106.826477	3459.110631	0.000682	-0.001015	0.002151	
689.197	1.352932	0.587758	307.795210	106.830948	3458.469353	0.001073	-0.001051	0.002136	
690.197	0.767047	0.588904	307.747864	106.880121	3457.828074	0.001487	-0.001150	0.002762	
691.198	1.044571	0.587453	307.765224	106.902473	3462.188766	0.001065	-0.001090	0.002792	
692.198	1.476276	0.587758	307.790475	106.855534	3461.932255	0.000736	-0.001004	0.002579	
693.198	0.963627	0.588446	307.793632	106.833183	3460.393187	0.001073	-0.001088	0.001816	
694.209	0.863410	0.589820	307.747864	106.851064	3461.162721	0.001273	-0.001160	0.002258	
695.200	1.094680	0.587147	307.774693	106.851064	3468.345037	0.000904	-0.001082	0.002167	
696.201	1.233442	0.587224	307.796788	106.810831	3471.551428	0.000835	-0.001027	0.001694	
697.201	0.967481	0.587987	307.771537	106.884591	3468.216781	0.001257	-0.001118	0.003098	
698.194	0.809447	0.588293	307.758911	106.891297	3468.473292	0.001334	-0.001168	0.003021	
699.195	1.379914	0.588216	307.782584	106.848829	3472.192706	0.000973	-0.001054	0.001968	
700.195	1.252715	0.587300	307.820461	106.839888	3473.988285	0.000774	-0.001033	0.002197	
701.195	0.894246	0.589362	307.798366	106.855534	3471.423172	0.001265	-0.001162	0.002075	
702.195	0.901955	0.587758	307.799944	106.853299	3475.142585	0.001411	-0.001186	0.001907	
703.196	1.337514	0.588446	307.814148	106.815302	3473.988285	0.000805	-0.000976	0.002060	
704.196	1.279696	0.587071	307.856759	106.833183	3472.064450	0.000943	-0.001054	0.001465	
705.196	0.971336	0.588446	307.878854	106.839888	3472.705728	0.001403	-0.001168	-0.000153	
706.197	0.944354	0.588522	307.882011	106.868945	3472.962240	0.001357	-0.001167	0.003036	
707.197	1.379914	0.587453	307.930935	106.835418	3477.322931	0.000682	-0.000981	0.001480	
708.208	1.214170	0.588064	307.964077	106.882356	3479.759788	0.000989	-0.001064	0.001572	
709.208	0.373875	0.588293	307.989328	106.933765	3477.322931	0.001349	-0.001167	0.001968	
710.198	1.025299	0.588827	308.028807	106.922589	3478.605488	0.001058	-0.001090	0.002609	
711.198	1.291260	0.588140	308.088779	106.913648	3482.581412	0.000759	-0.001023	0.002243	
712.199	0.844137	0.587987	308.112452	106.960587	3482.324901	0.000904	-0.001134	0.002625	
713.199	0.871119	0.588904	308.159797	107.007525	3479.888044	0.001380	-0.001176	0.002701	
714.209	0.986754	0.588216	308.227660	106.967292	3481.811879	0.000897	-0.001100	0.002014	
715.209	1.164061	0.587758	308.293944	106.989644	3485.659548	0.000851	-0.001027	0.001938	
716.202	0.855701	0.588216	308.297100	107.043288	3486.172570	0.001150	-0.001113	0.002945	
717.202	0.782465	0.588216	308.281318	107.036582	3486.044315	0.001418	-0.001191	0.002670	
718.208	0.955918	0.587377	308.322351	107.016466	3489.635472	0.001027	-0.001054	0.001617	
719.197	1.129371	0.587377	308.363385	106.994114	3492.072329	0.000904	-0.001031	0.002655	
720.198	0.882682	0.587911	308.311304	106.960587	3490.789773	0.001227	-0.001175	0.002640	
721.199	0.898100	0.588598	308.279740	106.965057	3489.378961	0.001319	-0.001176	0.003281	
722.199	1.252715	0.587071	308.282897	106.866710	3491.944074	0.001088	-0.001049	0.002426	
723.199	1.295114	0.586842	308.262380	106.824242	3495.919999	0.000828	-0.001051	0.002823	
724.199	1.368350	0.589209	308.215034	106.808596	3491.302796	0.001319	-0.001157	0.003540	
725.200	1.071553	0.588293	308.153485	106.752717	3490.918029	0.001395	-0.001167	0.003586	
726.200	1.341369	0.587911	308.128234	106.627548	3492.328841	0.000881	-0.000999	0.003143	
727.200	1.653584	0.587911	308.132968	106.591786	3493.739653	0.000943	-0.001082	0.002762	
728.202	1.295114	0.588064	308.102982	106.558258	3494.509187	0.001472	-0.001176	0.002945	
729.202	1.352932	0.588446	308.080888	106.493439	3496.304765	0.001219	-0.001116	0.002335	
730.203	1.742237	0.586613	308.066684	106.419679	3497.587322	0.000874	-0.001033	0.002106	
731.209	1.676711	0.587529	308.016157	106.361565	3495.150465	0.000828	-0.001098	0.002808	
732.209	1.534094	0.589056	307.930935	106.357094	3493.996164	0.001503	-0.001181	0.002136	
733.209	1.634311	0.587987	307.949898	106.290040	3495.278720	0.001050	-0.001106	0.002151	
734.194	2.023616	0.586460	307.919887	106.187222	3496.946044	0.000598	-0.001015	0.002136	
735.194	1.742237	0.587911	307.888323	106.205104	3496.433021	0.001157	-0.001118	0.002274	
736.194	2.069870	0.587758	307.852025	106.153695	3497.074299	0.001418	-0.001212	0.002853	
737.195	0.936645	0.586766	307.858338	106.117932	3501.178480	0.001019	-0.001098	0.002792	
738.208	1.341369	0.586155	307.885167	106.008410	3501.563247	0.000889	-0.001035	0.002365	
739.194	0.940500	0.586078	307.799944	105.999469	3501.563247	0.001311	-0.001136	0.002808	
740.195	1.006026	0.586918	307.787319	105.921239	3499.254645	0.001288	-0.001152	0.003448	
741.195	1.252715	0.587300	307.803101	105.901122	3502.974059	0.000881	-0.001053	0.002518	
742.195	1.248860	0.586537	307.787319	105.840773	3505.026149	0.000966	-0.001036	0.002762	
743.196	1.090826	0.586460	307.739973	105.831832	3504.769637	0.001418	-0.001175	0.003281	
744.196	1.075408	0.586766	307.717878	105.798305	3503.487081	0.001457	-0.001163	0.002411	
745.196	1.314387	0.586384	307.724191	105.706663	3505.154404	0.000797	-0.001064	0.002502	
746.197	1.387623	0.586384	307.687893	105.675371	3505.795683	0.001058	-0.001064	0.001984	
747.197	1.094680	0.586002	307.648438	105.708899	3506.821728	0.001380	-0.001167	0.002411	
748.209	1.245006	0.587682	307.661063	105.686547	3507.206495	0.001265	-0.001136	0.002350	
749.197	1.580348	0.585926	307.648438	105.657490	3512.080209	0.000912	-0.001030	0.001724	
750.198	1.503258	0.586002	307.597936	105.619492	3510.028119	0.001019	-0.001098	0.002060	
751.198	1.202606	0.588369	307.561637	105.666431	3510.412885	0.001510	-0.001141	0.002411	
752.198	1.352932	0.587682	307.560059	105.635138	3510.541141	0.001165	-0.001082	0.002579	
753.199	1.676711	0.585697	307.515869	105.594905	3514.773577	0.000536	-0.001040	0.002655	
754.195	1.645875	0.586918	307.514291	105.619492	3515.799622	0.001250	-0.001139	0.002457	
755.199	1.252715	0.587682	307.463789	105.601611	3517.851712	0.001395	-0.001196	0.003571	
756.199	1.453149	0.586460	307.429069	105.574789	3521.314615	0.001065	-0.001049	0.002182	
757.199	1.722965	0.586689	307.441694	105.527851	3518.877758	0.000774	-0.001014	0.002121	
758.197	1.391477	0.586995	307.421178	105.534556	3518.108224	0.001296	-0.001150	0.002243	
759.197	1.218024	0.587682	307.364363	105.554673	3518.364735	0.001357	-0.001210	0.003036	
760.197	1.719110	0.585544	307.392770	105.523380	3522.340660	0.000851	-0.001053	0.002533	
761.198	1.722965	0.585086	307.342268	105.469737	3521.186359	0.000743	-0.001053	0.002884	
762.201	1.433877	0.586078	307.260202	105.507734	3522.981938	0.001365	-0.001199	0.003067	
763.201	1.430022	0.586460	307.271249	105.505499	3528.496930	0.001334	-0.001189	0.002716	
764.199	1.757655	0.585849	307.271249	105.469737	3529.522975	0.000851	-0.001010	0.003433	
765.200	1.765364	0.586384	307.264937	105.469737	3528.368675	0.000950	-0.001077	0.003540	
766.200	1.510967	0.586918	307.230216	105.505499	3529.266464	0.001495	-0.001171	0.001221	
767.202	1.564930	0.586918	307.230216	105.454091	3532.472855	0.001342	-0.001101	0.002777	
768.207	1.842454	0.586307	307.252311	105.429504	3533.883667	0.000973	-0.001022	0.002609	
769.208	1.711401	0.585926	307.228638	105.429504	3532.985878	0.000989	-0.001090	0.002075	
770.201	-0.096363	0.586384	307.148150	105.449620	3531.318554	0.001349	-0.001132	0.002899	
771.201	0.177307	0.586231	307.122899	105.438444	3535.166223	0.000950	-0.001087	0.001907	
772.202	-0.215852	0.584398	307.126055	105.366919	3537.218314	0.000690	-0.001041	0.001770	
773.209	0.061672	0.586537	307.110273	105.362449	3537.346569	0.001142	-0.001121	0.002518	
774.194	-0.327633	0.586155	307.078710	105.440680	3539.398659	0.001556	-0.001225	0.003082	
775.194	0.015418	0.586002	307.059771	105.366919	3541.835516	0.000912	-0.001044	0.003662	
776.194	0.277525	0.584246	307.080288	105.355744	3544.400629	0.000667	-0.001049	0.003036	
777.195	0.096363	0.586537	307.026629	105.366919	3541.963772	0.001334	-0.001184	0.003250	
778.207	-0.181162	0.585620	307.029786	105.395976	3542.348539	0.001173	-0.001201	0.003036	
779.195	0.208143	0.585315	307.043989	105.351273	3545.683186	0.000912	-0.001040	0.001831	
780.195	0.335342	0.585773	307.055037	105.364684	3546.709231	0.000897	-0.001040	0.001556	
781.196	-0.393172	0.586613	307.047146	105.375860	3545.683186	0.001303	-0.001188	0.002197	
782.196	-0.050109	0.586613	306.974549	105.413858	3544.913652	0.001150	-0.001137	0.002441	
783.196	0.420141	0.585162	307.036098	105.360214	3550.428644	0.000966	-0.001041	0.002411	
784.197	0.312215	0.584857	307.055037	105.360214	3550.172133	0.000851	-0.001064	0.003143	
785.197	-0.011564	0.586155	307.031364	105.438444	3551.326434	0.001403	-0.001173	0.002960	
786.197	0.007709	0.585697	307.004534	105.389271	3553.506779	0.001081	-0.001181	0.002548	
787.198	0.358469	0.585773	307.042411	105.389271	3553.250268	0.000858	-0.001031	0.001282	
788.199	0.154180	0.585620	307.080288	105.391506	3552.608990	0.001081	-0.001058	0.001938	
789.200	0.007709	0.586995	307.072397	105.445150	3552.737246	0.001533	-0.001181	0.002167	
790.200	0.023127	0.585849	307.089757	105.436209	3557.482704	0.001073	-0.001134	0.001450	
791.200	0.269816	0.584551	307.129212	105.422798	3561.458629	0.000774	-0.001064	0.001389	
792.201	0.123344	0.586231	307.111852	105.451855	3557.610960	0.001188	-0.001113	0.001953	
793.201	-0.123344	0.586460	307.078710	105.509970	3560.047817	0.001311	-0.001217	0.002167	
794.202	0.092508	0.585467	307.152885	105.465266	3562.612930	0.000966	-0.001069	0.002518	
795.202	0.385451	0.585849	307.184449	105.467502	3562.612930	0.000697	-0.001035	0.002731	
796.203	-0.073236	0.586613	307.102383	105.507734	3562.228163	0.001088	-0.001149	0.002823	
797.203	-0.154180	0.586918	307.137103	105.577024	3561.715140	0.001326	-0.001178	0.002808	
798.208	0.104072	0.585467	307.124477	105.516675	3563.510719	0.000912	-0.001064	0.002884	
799.208	0.219707	0.585544	307.160776	105.509970	3565.306298	0.000851	-0.001030	0.002609	
800.208	-0.092508	0.586231	307.113430	105.570319	3565.306298	0.001342	-0.001183	0.003067	
801.209	-0.227416	0.586002	307.135525	105.577024	3567.486644	0.001296	-0.001165	0.002716	
802.209	0.223561	0.585773	307.173401	105.594905	3571.975591	0.000851	-0.001056	0.002274	
803.209	0.300652	0.585773	307.174979	105.570319	3571.462569	0.000805	-0.001097	0.002640	
804.194	-0.138762	0.586460	307.170245	105.601611	3571.847335	0.001403	-0.001145	0.002792	
805.194	-0.007709	0.586155	307.193918	105.615022	3572.360358	0.001257	-0.001124	0.002838	
806.195	0.204289	0.586002	307.165510	105.606081	3572.360358	0.000774	-0.001088	0.001862	
807.194	0.165744	0.585315	307.186027	105.623963	3575.438493	0.000966	-0.001090	0.001862	
808.208	-0.034691	0.587147	307.176558	105.673136	3575.695005	0.001503	-0.001225	0.003082	
809.195	-0.073236	0.585620	307.197074	105.655255	3578.388373	0.001234	-0.001168	0.003204	
810.197	0.304506	0.585467	307.234951	105.650784	3581.594764	0.000805	-0.001085	0.003311	
811.197	0.061672	0.586078	307.195496	105.637373	3581.338253	0.001050	-0.001118	0.002899	
812.197	-0.281379	0.586537	307.168667	105.664195	3579.542674	0.001242	-0.001191	0.003189	
813.198	0.158035	0.585697	307.212856	105.650784	3581.851275	0.001065	-0.001077	0.003159	
814.198	0.516504	0.585086	307.225482	105.635138	3583.005576	0.000621	-0.001093	0.002625	
815.198	0.042400	0.586460	307.193918	105.668666	3583.390343	0.001058	-0.001136	0.002365	
816.198	-0.196580	0.586842	307.186027	105.695488	3582.620809	0.001572	-0.001192	0.002533	
817.199	0.254397	0.585697	307.198652	105.646314	3584.672899	0.000950	-0.001066	0.002518	
818.200	0.296797	0.584551	307.228638	105.644079	3587.751034	0.000743	-0.001035	0.002014	
819.200	-0.007709	0.586307	307.211278	105.653020	3588.007546	0.001380	-0.001189	0.002228	
820.200	-0.107926	0.586155	307.181292	105.688782	3588.520568	0.001303	-0.001168	0.002625	
821.200	0.181162	0.586384	307.222325	105.684312	3591.855215	0.000904	-0.001084	0.002487	
822.201	0.331488	0.585773	307.201809	105.661960	3590.957425	0.000996	-0.001082	0.002670	
823.201	0.023127	0.586078	307.208122	105.691017	3591.598703	0.001250	-0.001180	0.002930	
824.203	0.080945	0.586384	307.228638	105.706663	3592.368237	0.001142	-0.001168	0.002411	
825.203	0.335342	0.585009	307.219169	105.641844	3594.292072	0.000759	-0.001035	0.002350	
826.203	0.165744	0.585620	307.242842	105.668666	3592.368237	0.000981	-0.001064	0.002914	
827.204	-0.073236	0.586537	307.195496	105.722309	3593.779049	0.001403	-0.001197	0.003250	
828.209	0.115635	0.585697	307.192340	105.729015	3595.574628	0.001173	-0.001162	0.001968	
829.209	0.346906	0.585620	307.245998	105.684312	3598.524508	0.000613	-0.001044	0.002014	
830.194	0.169598	0.585849	307.223903	105.731250	3600.448342	0.001211	-0.001157	0.002258	
831.194	-0.026982	0.586766	307.234951	105.762542	3599.678809	0.001411	-0.001215	0.002457	
832.195	0.319924	0.586689	307.227060	105.740191	3602.500433	0.001058	-0.001108	0.002304	
833.195	0.516504	0.585238	307.283875	105.724545	3606.604613	0.000904	-0.001088	0.002716	
834.195	0.316070	0.586384	307.234951	105.726780	3604.937290	0.001334	-0.001160	0.002686	
835.195	-0.370033	0.586995	307.211278	105.764777	3605.835079	0.001372	-0.001204	0.002930	
836.196	0.362324	0.586002	307.233373	105.737956	3610.067515	0.000897	-0.001067	0.001984	
837.196	0.408578	0.585315	307.247576	105.693252	3607.758914	0.000897	-0.001072	0.002930	
838.194	0.235125	0.586002	307.247576	105.760307	3610.195771	0.001503	-0.001204	0.002579	
839.197	0.015418	0.585697	307.239685	105.762542	3611.991350	0.001211	-0.001178	0.002457	
840.197	0.308361	0.585773	307.258624	105.744661	3612.247861	0.000751	-0.001048	0.002594	
841.197	0.312215	0.585315	307.280718	105.753602	3614.556462	0.000996	-0.001123	0.002487	
842.198	0.107926	0.587147	307.244420	105.773718	3614.299951	0.001242	-0.001184	0.002274	
843.198	0.200434	0.586537	307.217591	105.807245	3617.506342	0.001219	-0.001176	0.002060	
844.198	0.423996	0.585467	307.302813	105.767013	3623.790868	0.000667	-0.001041	0.001678	
845.198	0.292943	0.585697	307.264937	105.800540	3618.275876	0.000996	-0.001118	0.002319	
846.199	0.196580	0.586918	307.268093	105.802775	3617.121575	0.001280	-0.001201	0.002701	
847.199	0.146471	0.585315	307.274406	105.811716	3619.814944	0.001058	-0.001105	0.002640	
848.200	0.412432	0.585697	307.291766	105.778188	3620.840989	0.000782	-0.001046	0.002396	
849.200	0.215852	0.586155	307.291766	105.780424	3620.584477	0.001012	-0.001132	0.002533	
850.201	-0.150326	0.586384	307.252311	105.834067	3621.738778	0.001365	-0.001186	0.002075	
851.196	0.308361	0.584475	307.247576	105.829597	3626.099470	0.001004	-0.001079	0.002823	
852.200	0.300652	0.585162	307.280718	105.798305	3626.740748	0.000766	-0.001046	0.002411	
853.200	0.181162	0.586766	307.244420	105.802775	3628.023304	0.001050	-0.001215	0.002701	
854.202	0.038545	0.586307	307.238107	105.858654	3630.331906	0.001303	-0.001227	0.002518	
855.202	0.466395	0.585162	307.247576	105.805010	3629.049349	0.000858	-0.001075	0.002380	
856.202	0.524213	0.585849	307.277562	105.796070	3628.921094	0.000858	-0.001054	0.002319	
857.203	0.127199	0.587071	307.268093	105.867595	3628.408071	0.001265	-0.001240	0.003128	
858.195	0.107926	0.586460	307.266515	105.872065	3628.408071	0.001365	-0.001210	0.001846	
859.202	0.443268	0.584551	307.275984	105.838538	3632.127485	0.000751	-0.001074	0.002350	
860.203	0.447123	0.584933	307.282297	105.881006	3632.897018	0.001096	-0.001121	0.002670	
861.203	0.169598	0.586002	307.249155	105.867595	3632.255740	0.001288	-0.001192	0.003281	
862.203	0.061672	0.586078	307.287031	105.847478	3632.383996	0.001296	-0.001141	0.002563	
863.204	0.319924	0.585926	307.296500	105.831832	3634.949109	0.000835	-0.001043	0.003387	
864.204	0.142617	0.585697	307.268093	105.825127	3635.846898	0.000889	-0.001129	0.001968	
865.204	0.096363	0.586918	307.253889	105.878771	3633.666552	0.001472	-0.001186	0.003021	
866.205	0.285234	0.585467	307.280718	105.865360	3636.103409	0.001012	-0.001149	0.003479	
867.205	0.543486	0.585086	307.302813	105.845243	3641.105379	0.000728	-0.001025	0.003128	
868.204	0.304506	0.585697	307.294922	105.860889	3639.951078	0.001188	-0.001127	0.002838	
869.205	0.208143	0.586689	307.247576	105.876535	3639.951078	0.001426	-0.001248	0.002945	
870.205	0.408578	0.584933	307.285453	105.876535	3640.720612	0.001035	-0.001106	0.002197	
871.205	0.370033	0.584398	307.280718	105.849713	3642.772702	0.000682	-0.001043	0.002441	
872.206	0.250543	0.585697	307.282297	105.881006	3641.361890	0.001211	-0.001162	0.002991	
873.206	0.146471	0.586155	307.242842	105.896652	3642.387936	0.001441	-0.001210	0.002670	
874.206	0.393160	0.586155	307.282297	105.883241	3644.824793	0.000812	-0.001093	0.002380	
875.206	0.612867	0.585467	307.299657	105.863124	3646.492116	0.000759	-0.001079	0.002472	
876.207	0.011564	0.586155	307.296500	105.881006	3649.057229	0.001411	-0.001188	0.002731	
877.207	0.146471	0.586766	307.271249	105.925709	3650.083274	0.001342	-0.001183	0.002167	
878.194	0.435559	0.585086	307.299657	105.892181	3653.033153	0.000843	-0.001106	0.001923	
879.207	0.412432	0.585162	307.249155	105.863124	3650.981063	0.000966	-0.001118	0.002380	
880.207	0.061672	0.586078	307.264937	105.910063	3649.955018	0.001273	-0.001191	0.003845	
881.196	0.358469	0.586460	307.304391	105.927944	3653.289665	0.001227	-0.001149	0.002441	
882.196	0.404723	0.584398	307.340690	105.869830	3655.085244	0.000751	-0.001058	0.001495	
883.196	0.335342	0.585544	307.342268	105.903357	3654.059198	0.000950	-0.001131	0.001740	
884.208	0.188871	0.586384	307.296500	105.914533	3654.572221	0.001418	-0.001201	0.002136	
885.208	0.358469	0.585238	307.282297	105.910063	3657.650356	0.001104	-0.001160	0.002121	
886.208	0.616721	0.586307	307.318595	105.889946	3658.163379	0.000682	-0.001033	0.002090	
887.198	0.312215	0.585467	307.305970	105.934649	3658.548146	0.001211	-0.001162	0.002335	
888.200	0.080945	0.587147	307.275984	105.921239	3659.061168	0.001480	-0.001215	0.002686	
889.208	0.443268	0.585926	307.304391	105.910063	3662.908837	0.001096	-0.001105	0.002182	
890.196	0.481813	0.586155	307.329643	105.863124	3663.421860	0.000674	-0.001058	0.002243	
891.196	0.292943	0.587300	307.320173	105.950296	3662.267559	0.001181	-0.001162	0.001999	
892.196	0.161889	0.586155	307.294922	105.959236	3662.267559	0.001411	-0.001217	0.002090	
893.197	0.474104	0.585315	307.331221	105.914533	3665.986973	0.000828	-0.001087	0.003128	
894.197	0.373887	0.585773	307.318595	105.903357	3667.397785	0.000889	-0.001092	0.002396	
895.197	0.204289	0.586689	307.301235	105.957001	3666.243484	0.001388	-0.001175	0.002792	
896.198	0.173453	0.586078	307.296500	105.950296	3665.858717	0.001173	-0.001209	0.002319	
897.198	0.485668	0.585238	307.334377	105.912298	3668.295574	0.000843	-0.001048	0.002853	
898.194	0.431705	0.585467	307.342268	105.945825	3669.706386	0.000912	-0.001080	0.002884	
899.199	0.134908	0.586384	307.323330	105.974882	3670.219409	0.001510	-0.001167	0.002747	
900.199	0.215852	0.585162	307.298079	105.974882	3672.271499	0.001311	-0.001175	0.003159	
901.199	0.504940	0.585009	307.304391	105.979353	3674.067078	0.000575	-0.001106	0.002625	
902.200	0.416287	0.586537	307.304391	105.965942	3673.682311	0.001196	-0.001149	0.002533	
903.200	0.177307	0.586460	307.272828	105.979353	3672.912777	0.001265	-0.001248	0.002747	
904.200	0.319924	0.585544	307.271249	105.994999	3672.784521	0.001227	-0.001131	0.003036	
905.201	0.551195	0.584551	307.310704	105.961471	3675.990912	0.000828	-0.001038	0.002563	
906.201	0.308361	0.585544	307.350159	105.981588	3675.734401	0.001311	-0.001157	0.002472	
907.201	0.007709	0.586613	307.318595	105.997234	3677.401724	0.001580	-0.001238	0.002365	
908.202	0.404723	0.586231	307.302813	105.965942	3679.197303	0.001019	-0.001149	0.003098	
909.202	0.524213	0.585467	307.334377	105.925709	3683.429739	0.000820	-0.001082	0.002045	
910.202	0.489522	0.586231	307.315439	105.997234	3681.505905	0.001357	-0.001202	0.001663	
911.196	0.273670	0.586689	307.315439	106.017350	3679.197303	0.001518	-0.001194	0.002319	
912.197	0.485668	0.585467	307.342268	105.961471	3682.531950	0.000820	-0.001085	0.002319	
913.197	0.412432	0.585391	307.353315	105.983823	3687.149153	0.000989	-0.001051	0.001923	
914.197	0.277525	0.586155	307.351737	106.019585	3686.764386	0.001242	-0.001204	0.001953	
915.198	0.327633	0.585849	307.332799	106.028526	3687.405664	0.001227	-0.001181	0.002289	
916.198	0.535777	0.585086	307.369097	105.999469	3690.227288	0.000751	-0.001106	0.002045	
917.198	0.501086	0.584246	307.370676	105.997234	3692.920656	0.001065	-0.001114	0.003067	
918.194	0.165744	0.586078	307.337533	106.035232	3688.816476	0.001495	-0.001209	0.002670	
919.194	0.346906	0.586384	307.359628	106.015115	3690.868566	0.001127	-0.001176	0.001892	
920.200	0.582031	0.585544	307.340690	105.990528	3694.074957	0.000690	-0.001111	0.002228	
921.201	0.373887	0.586078	307.348581	106.028526	3693.690190	0.001035	-0.001134	0.002243	
922.201	0.131053	0.586537	307.348581	106.073229	3692.407634	0.001357	-0.001215	0.003067	
923.197	0.273670	0.586231	307.339112	106.032996	3695.998792	0.001088	-0.001119	0.002365	
924.197	0.701520	0.585238	307.350159	106.001704	3698.050882	0.000797	-0.001075	0.002670	
925.197	0.400869	0.585467	307.334377	106.053113	3695.614025	0.001035	-0.001155	0.002609	
926.198	0.158035	0.586384	307.310704	106.055348	3694.972747	0.001595	-0.001209	0.003204	
927.202	0.585885	0.585697	307.339112	106.024056	3697.794371	0.001012	-0.001113	0.001801	
928.194	0.620576	0.585238	307.343846	106.019585	3701.129017	0.000705	-0.001048	0.002716	
929.198	0.393160	0.587377	307.354894	106.073229	3700.487739	0.001111	-0.001181	0.002502	
930.201	0.192725	0.586689	307.326486	106.059818	3701.385528	0.001526	-0.001248	0.002899	
931.201	0.597449	0.584857	307.347003	106.053113	3703.694130	0.000889	-0.001129	0.003189	
932.195	0.551195	0.585009	307.358050	106.026291	3704.335408	0.000828	-0.001105	0.002106	
933.195	0.204289	0.586384	307.337533	106.082170	3703.437619	0.001273	-0.001212	0.002258	
934.200	0.181162	0.586537	307.320173	106.057583	3706.772265	0.001480	-0.001222	0.002609	
935.200	0.551195	0.585086	307.321752	106.055348	3711.004701	0.000828	-0.001082	0.002792	
936.201	0.574322	0.585238	307.340690	106.037467	3710.106912	0.000958	-0.001085	0.002396	
937.201	0.312215	0.586613	307.307548	106.066524	3708.696100	0.001388	-0.001248	0.002777	
938.201	0.346906	0.585773	307.345424	106.041937	3711.261212	0.001111	-0.001183	0.001907	
939.202	0.242834	0.585467	307.373832	106.044172	3712.159002	0.000766	-0.001085	0.002029	
940.202	0.504940	0.585162	307.391192	106.064289	3709.978656	0.000927	-0.001152	0.002197	
941.194	0.123344	0.586155	307.310704	106.095581	3708.439588	0.001319	-0.001230	0.002914	
942.202	0.404723	0.585926	307.339112	106.079935	3711.902491	0.000950	-0.001152	0.002853	
943.202	0.643703	0.585009	307.391192	106.070994	3715.621904	0.000835	-0.001043	0.002060	
944.203	0.277525	0.585467	307.350159	106.059818	3715.750160	0.001173	-0.001136	0.002670	
945.203	0.069381	0.584704	307.329643	106.124638	3717.032716	0.001626	-0.001240	0.002701	
946.203	0.362324	0.585391	307.335955	106.095581	3719.982596	0.001019	-0.001106	0.002335	
947.204	0.512649	0.584475	307.361206	106.082170	3719.726084	0.000628	-0.001093	0.002731	
948.209	0.277525	0.586231	307.372254	106.120168	3721.008641	0.001165	-0.001231	0.001831	
949.194	-0.154180	0.585697	307.372254	106.129108	3722.547708	0.001549	-0.001223	0.002823	
950.207	0.454832	0.585544	307.372254	106.088875	3726.138866	0.000912	-0.001103	0.001907	
951.207	0.497231	0.585620	307.408552	106.046407	3726.010611	0.001058	-0.001123	0.001968	
952.207	0.308361	0.585544	307.348581	106.115697	3723.702009	0.001518	-0.001209	0.002335	
953.196	0.235125	0.585773	307.351737	106.111227	3725.241077	0.001188	-0.001199	0.003006	
954.196	0.705375	0.585544	307.399083	106.097816	3729.345257	0.000728	-0.001064	0.002411	
955.197	0.539631	0.585009	307.376988	106.108992	3730.499558	0.000912	-0.001162	0.002457	
956.197	0.416287	0.586078	307.347003	106.135814	3730.114791	0.001426	-0.001228	0.003387	
957.208	0.292943	0.586231	307.394348	106.111227	3732.166881	0.001204	-0.001209	0.001434	
958.194	0.589740	0.585315	307.403818	106.124638	3733.577693	0.000674	-0.001053	0.001907	
959.198	0.308361	0.586078	307.376988	106.151460	3734.218971	0.000927	-0.001149	0.002686	
960.202	0.269816	0.586231	307.361206	106.164871	3733.449438	0.001487	-0.001220	0.003067	
961.202	0.327633	0.585238	307.381723	106.176046	3739.349197	0.001127	-0.001162	0.003311	
962.196	0.566613	0.585391	307.419600	106.122403	3739.092686	0.000743	-0.001113	0.002533	
963.196	0.238979	0.585544	307.425912	106.140284	3738.451407	0.001296	-0.001167	0.002975	
964.199	0.223561	0.585926	307.381723	106.160400	3736.399317	0.001219	-0.001267	0.003235	
965.199	0.512649	0.586537	307.389614	106.117932	3741.529543	0.001058	-0.001121	0.003204	
966.199	0.693811	0.584628	307.414865	106.111227	3742.299076	0.000713	-0.001095	0.002136	
967.200	0.343051	0.585544	307.424334	106.160400	3743.453377	0.001303	-0.001210	0.002289	
968.200	0.254397	0.586307	307.373832	106.158165	3743.966400	0.001418	-0.001238	0.002594	
969.201	0.362324	0.584169	307.402239	106.133578	3746.788024	0.001050	-0.001101	0.002426	
970.201	0.493377	0.585162	307.419600	106.093346	3746.018490	0.001012	-0.001101	0.002136	
971.194	0.262106	0.586613	307.418021	106.144754	3746.788024	0.001395	-0.001222	0.003693	
972.201	0.254397	0.586078	307.419600	106.160400	3747.814069	0.001303	-0.001181	0.002182	
973.202	0.863410	0.583940	307.435382	106.155930	3750.763948	0.000912	-0.001103	0.001953	
974.202	0.508795	0.585086	307.454320	106.153695	3749.224881	0.000858	-0.001137	0.002014	
975.202	0.215852	0.586766	307.448007	106.176046	3751.405227	0.001426	-0.001262	0.002319	
976.202	0.393160	0.586307	307.425912	106.151460	3752.303016	0.000981	-0.001183	0.001923	
977.203	0.597449	0.584780	307.477993	106.126873	3756.022430	0.000713	-0.001062	0.002151	
978.209	0.458686	0.585697	307.422756	106.153695	3753.072550	0.001088	-0.001121	0.002930	
979.194	0.111781	0.586537	307.356472	106.202868	3754.098595	0.001533	-0.001215	0.003265	
980.194	0.508795	0.585391	307.405396	106.162636	3754.611618	0.000897	-0.001134	0.002914	
981.194	0.639848	0.585926	307.408552	106.142519	3756.022430	0.000728	-0.001080	0.002426	
982.195	0.346906	0.586078	307.419600	106.184987	3753.200806	0.001019	-0.001201	0.002853	
983.195	0.196580	0.586155	307.399083	106.173811	3754.098595	0.001403	-0.001246	0.002029	
984.195	0.512649	0.586231	307.419600	106.142519	3761.409166	0.000920	-0.001144	0.002487	
985.195	0.551195	0.585315	307.441694	106.180517	3766.539392	0.000943	-0.001079	0.002289	
986.195	0.273670	0.586002	307.384879	106.225220	3762.563467	0.001273	-0.001220	0.002594	
987.196	0.223561	0.586002	307.392770	106.216279	3763.589512	0.001549	-0.001243	0.002441	
988.194	0.520358	0.586231	307.444851	106.189457	3766.154625	0.000751	-0.001067	0.002457	
989.197	0.570467	0.585849	307.430647	106.180517	3764.102535	0.000789	-0.001165	0.002655	
990.198	0.296797	0.585926	307.403818	106.236396	3763.333001	0.001388	-0.001249	0.002335	
991.198	0.439414	0.585467	307.402239	106.207339	3764.359046	0.001173	-0.001194	0.002609	
992.198	0.566613	0.584551	307.468524	106.216279	3766.539392	0.000682	-0.001067	0.002274	
993.198	0.597449	0.585238	307.465367	106.249807	3770.258805	0.000851	-0.001155	0.002167	
994.199	0.077090	0.586078	307.455898	106.290040	3770.643572	0.001388	-0.001233	0.001755	
995.199	0.427850	0.584780	307.443273	106.240866	3772.054384	0.001342	-0.001181	0.002625	
996.199	0.582031	0.585238	307.452742	106.202868	3775.902053	0.000590	-0.001111	0.001663	
997.200	0.582031	0.585926	307.468524	106.240866	3775.902053	0.001211	-0.001173	0.003464	
998.200	0.323779	0.586613	307.413287	106.267688	3774.362986	0.001487	-0.001288	0.002533	
999.201	0.416287	0.585238	307.455898	106.254277	3778.082399	0.000996	-0.001139	0.003342	
1000.201	0.670684	0.585162	307.449585	106.220750	3778.082399	0.000636	-0.001062	0.002960	
1001.195	0.558904	0.584857	307.468524	106.231925	3778.467166	0.001027	-0.001191	0.001358	
1002.201	0.327633	0.586078	307.422756	106.225220	3777.697632	0.001280	-0.001254	0.002213	
1003.201	0.597449	0.584857	307.474836	106.249807	3780.006234	0.000843	-0.001119	0.003555	
1004.202	0.705375	0.584475	307.449585	106.229690	3781.160534	0.000774	-0.001088	0.003098	
1005.202	0.292943	0.586384	307.446429	106.222985	3780.391001	0.001426	-0.001223	0.002777	
1006.202	0.262106	0.586384	307.427491	106.296745	3783.469136	0.001487	-0.001235	0.002838	
1007.203	0.716938	0.584628	307.455898	106.249807	3785.649482	0.001012	-0.001147	0.002701	
1008.194	0.635994	0.584857	307.515869	106.231925	3785.264715	0.000920	-0.001162	0.001709	
1009.203	0.397014	0.586689	307.476415	106.296745	3785.905993	0.001449	-0.001249	0.002029	
1010.203	0.277525	0.585315	307.470102	106.290040	3786.034249	0.001119	-0.001186	0.002563	
1011.204	0.585885	0.585086	307.519026	106.263218	3787.701572	0.000782	-0.001088	0.002167	
1012.204	0.520358	0.584933	307.500088	106.252042	3788.471106	0.001042	-0.001145	0.001328	
1013.204	0.346906	0.585926	307.506400	106.345918	3791.036218	0.001510	-0.001253	0.003647	
1014.205	0.385451	0.586460	307.504822	106.290040	3789.368895	0.001142	-0.001173	0.003082	
1015.205	0.716938	0.585697	307.536386	106.276629	3792.831797	0.000713	-0.001079	0.002090	
1016.205	0.485668	0.584857	307.503244	106.296745	3793.344820	0.001250	-0.001212	0.002441	
1017.206	0.235125	0.586995	307.481149	106.312391	3792.318775	0.001503	-0.001244	0.002258	
1018.195	0.593594	0.584933	307.511135	106.281099	3794.114354	0.001073	-0.001167	0.001740	
1019.205	0.647557	0.584857	307.504822	106.278864	3794.883887	0.000797	-0.001113	0.001892	
1020.206	0.562758	0.586613	307.482727	106.305686	3795.525166	0.001188	-0.001236	0.002396	
1021.206	0.319924	0.586307	307.474836	106.325802	3795.268654	0.001365	-0.001285	0.002609	
1022.196	0.639848	0.585620	307.515869	106.265453	3796.679466	0.000958	-0.001098	0.002945	
1023.196	0.555049	0.584933	307.544277	106.243101	3800.398880	0.000943	-0.001087	0.001862	
1024.206	0.308361	0.586613	307.493775	106.294510	3802.194459	0.001441	-0.001192	0.002686	
1025.208	0.254397	0.585773	307.496931	106.319097	3802.579226	0.001242	-0.001222	0.002167	
1026.209	0.354615	0.584628	307.536386	106.283334	3802.066203	0.000705	-0.001105	0.001678	
1027.209	0.520358	0.585849	307.528495	106.256512	3803.092248	0.001042	-0.001119	0.002106	
1028.194	0.312215	0.585849	307.501666	106.336978	3802.963993	0.001395	-0.001246	0.002014	
1029.194	0.412432	0.585697	307.489040	106.294510	3805.144338	0.001227	-0.001173	0.002167	
1030.194	0.651412	0.585315	307.515869	106.307921	3807.324684	0.000736	-0.001087	0.002853	
1031.195	0.539631	0.586002	307.509557	106.341448	3804.887827	0.000981	-0.001180	0.002365	
1032.195	0.277525	0.586155	307.500088	106.345918	3806.042128	0.001411	-0.001223	0.003098	
1033.195	0.713084	0.585162	307.515869	106.330272	3810.018053	0.001050	-0.001171	0.002258	
1034.196	0.666830	0.584628	307.534808	106.303450	3809.889797	0.000651	-0.001124	0.002670	
1035.196	0.423996	0.585697	307.515869	106.321332	3810.402819	0.001188	-0.001189	0.002274	
1036.196	0.277525	0.585773	307.511135	106.354859	3810.274564	0.001518	-0.001228	0.002136	
1037.197	0.508795	0.585162	307.515869	106.303450	3812.967932	0.000996	-0.001136	0.002960	
1038.209	0.659121	0.585467	307.498509	106.292275	3814.250489	0.000720	-0.001108	0.002121	
1039.194	0.639848	0.586155	307.501666	106.321332	3813.480955	0.001326	-0.001197	0.003571	
1040.199	0.281379	0.586384	307.514291	106.325802	3816.302579	0.001472	-0.001251	0.001663	
1041.199	0.504940	0.584933	307.531651	106.348154	3820.278504	0.000759	-0.001126	0.002792	
1042.199	0.670684	0.585238	307.526917	106.323567	3822.202338	0.000881	-0.001101	0.002670	
1043.200	0.366178	0.586995	307.501666	106.352624	3821.048037	0.001434	-0.001256	0.003204	
1044.200	0.323779	0.585620	307.489040	106.363800	3821.432804	0.001372	-0.001223	0.003876	
1045.200	0.693811	0.584628	307.520604	106.357094	3822.715361	0.000720	-0.001111	0.002686	
1046.201	0.824865	0.585849	307.536386	106.336978	3821.945827	0.000943	-0.001157	0.002945	
1047.201	0.204289	0.586078	307.500088	106.348154	3824.382684	0.001564	-0.001230	0.002441	
1048.209	0.343051	0.586842	307.534808	106.368270	3825.536985	0.001288	-0.001207	0.001587	
1049.202	0.736211	0.585009	307.526917	106.328037	3830.025932	0.000713	-0.001113	0.002823	
1050.202	0.485668	0.584857	307.555324	106.341448	3825.665240	0.001058	-0.001191	0.003265	
1051.202	0.316070	0.586460	307.514291	106.370505	3829.384654	0.001457	-0.001264	0.002960	
1052.202	0.520358	0.585238	307.512713	106.341448	3829.256398	0.000874	-0.001155	0.002289	
1053.202	0.747774	0.584551	307.525339	106.339213	3831.180233	0.000789	-0.001082	0.003510	
1054.202	0.504940	0.585391	307.542699	106.363800	3832.591045	0.001234	-0.001214	0.002609	
1055.203	0.362324	0.586766	307.523760	106.363800	3831.821511	0.001457	-0.001278	0.002625	
1056.203	0.821010	0.586918	307.550590	106.323567	3832.206278	0.001042	-0.001142	0.003159	
1057.203	0.736211	0.585620	307.567950	106.310156	3833.873601	0.000743	-0.001113	0.003357	
1058.209	0.454832	0.585620	307.552168	106.361565	3835.925691	0.001342	-0.001202	0.002960	
1059.194	0.373887	0.586155	307.517448	106.377211	3836.182202	0.001342	-0.001259	0.001083	
1060.194	0.801738	0.585009	307.556903	106.350389	3838.490804	0.000935	-0.001079	0.002686	
1061.195	0.697666	0.584857	307.553746	106.348154	3838.619060	0.000866	-0.001175	0.002060	
1062.205	0.470250	0.585544	307.522182	106.368270	3837.849526	0.001334	-0.001220	0.002945	
1063.205	0.304506	0.585544	307.526917	106.383916	3841.568939	0.001388	-0.001230	0.003006	
1064.196	0.709229	0.585544	307.582154	106.321332	3847.725210	0.000759	-0.001139	0.001312	
1065.196	0.651412	0.585086	307.564793	106.350389	3849.264277	0.001081	-0.001171	0.002151	
1066.197	0.450977	0.585926	307.547433	106.350389	3844.775330	0.001556	-0.001240	0.002274	
1067.206	0.474104	0.586537	307.512713	106.419679	3848.238232	0.001127	-0.001205	0.002747	
1068.198	0.794029	0.586078	307.571106	106.352624	3847.981721	0.000674	-0.001095	0.002838	
1069.198	0.751629	0.585315	307.550590	106.377211	3847.596954	0.000874	-0.001155	0.003159	
1070.198	0.547340	0.586918	307.569528	106.404033	3847.725210	0.001564	-0.001262	0.003311	
1071.199	0.558904	0.585697	307.520604	106.417444	3848.879510	0.001019	-0.001192	0.002899	
1072.207	0.990608	0.585009	307.552168	106.370505	3850.803345	0.000751	-0.001079	0.002167	
1073.200	0.516504	0.586002	307.520604	106.392857	3852.598924	0.001219	-0.001202	0.002319	
1074.200	0.354615	0.586155	307.523760	106.421914	3851.957646	0.001319	-0.001264	0.002548	
1075.201	0.894246	0.585697	307.550590	106.392857	3852.855435	0.000897	-0.001150	0.003418	
1075.774	0.474104	0.586307	307.523760	106.390622	3852.470668	0.001365	-0.001283	0.002533	
